A
1050 Generated by WorldEditor

1    770 1 0 HEAT ASYUT INTL
1302 city Assiut
1302 country Egypt
1302 datum_lat 27.046388889
1302 datum_lon 31.011944444
1302 faa_code 
1302 iata_code ATZ
1302 icao_code HEAT
1302 region_code HE
1302 state New Valley Governorate
1302 transition_alt 4000
1302 transition_level 5500
100 41.15 1 1 0.25 0 2 0 13  27.05523280  031.00029933    0   58 2 7 0 0 31  27.03777443  031.02367272    0   58 3 1 0 0
110  1 0.00 0.0000 Polygon from DSF lib/airport/pavement/asphalt_1D.pol 
111  27.052264920  31.011603295 
112  27.052379434  31.011274702  27.052383675  31.011179458 
111  27.052332780  31.011088976 
111  27.051295795  31.012467637 
111  27.052048616  31.013160540 
113  27.052816282  31.012115233
110  1 0.00 0.0000 Polygon from DSF lib/airport/pavement/concrete_4D.pol 
111  27.053009259  31.010588934 
112  27.052780231  31.010755613  27.052646632  31.010793711 
111  27.052491827  31.010722277 
111  27.052156768  31.010438923 
111  27.052027410  31.010324629 
111  27.051862002  31.010553217 
111  27.052254317  31.010936578 
112  27.052379434  31.011297104  27.052359189  31.011469898 
111  27.052267041  31.011605675 
111  27.052818403  31.012115235 
113  27.053558500  31.011100876
110  1 0.00 0.0000 Polygon from DSF lib/airport/pavement/asphalt_1D.pol 
111  27.052932916  31.010050799 
111  27.052701768  31.010369870 
111  27.052650873  31.010417493 
111  27.052542722  31.010467496 
111  27.052434570  31.010493689 
111  27.052322177  31.010486545 
111  27.052211904  31.010455591 
111  27.052161009  31.010438923 
111  27.052493947  31.010727039 
112  27.052780231  31.010755613  27.052913830  31.010717515 
111  27.053011379  31.010591315 
111  27.053558500  31.011100876 
113  27.053764201  31.010819903
110  1 0.00 0.0000 Polygon from DSF lib/airport/pavement/asphalt_1D.pol 
111  27.050887724  31.014524352 
111  27.050835672  31.014563315 
111  27.050800971  31.014576303 
111  27.050355640  31.014158535 
111  27.050322867  31.014110914 
111  27.050320939  31.014056799 
111  27.050322867  31.014009177 
111  27.050336362  31.013961556 
111  27.050361423  31.013898783 
111  27.048930967  31.015788479 
111  27.049474617  31.016305819 
111  27.049499679  31.016316642 
111  27.049520886  31.016318807 
111  27.049781144  31.016043902 
113  27.050937847  31.014476730
110  1 0.00 0.0000 Polygon from DSF lib/airport/pavement/asphalt_6D.pol 
111  27.054159873  31.010205318 
111  27.053930846  31.010500578 
111  27.054206527  31.010762502 
111  27.054562791  31.010302944 
113  27.054374056  31.010145789
110  1 0.00 0.0000 Polygon from DSF lib/airport/pavement/asphalt_2D.pol 
111  27.054191682  31.009369541 
111  27.053979620  31.009579080 
111  27.053347674  31.010436287 
111  27.053676371  31.010743453 
112  27.053667888  31.010657732  27.053667888  31.010633921 
111  27.053674250  31.010607729 
113  27.054435554  31.009621941
110  1 0.00 0.0000 Polygon from DSF lib/airport/pavement/asphalt_1D.pol 
111  27.052239821  31.013716523 
111  27.052749217  31.013019033 
111  27.052387177  31.012702381 
111  27.051873970  31.013405577 
113  27.052163602  31.013652337
110  1 0.00 0.0000 Polygon from DSF lib/airport/pavement/asphalt_3D.pol 
111  27.052338737  31.013917018 
111  27.052209165  31.014081049 
111  27.052099918  31.013972646 
111  27.052049105  31.014038258 
111  27.052003374  31.014098165 
111  27.051877613  31.013978351 
111  27.051736608  31.014160925 
111  27.052178677  31.014581700 
111  27.052402253  31.014275033 
111  27.052251085  31.014136677 
113  27.052385739  31.013965514
110  1 0.00 0.0000 Polygon from DSF lib/airport/Common_Elements/Fence_Facades/Fenced_Parking.fac 
111  27.052318168  31.017446187 
111  27.052772401  31.016821125 
111  27.052075683  31.016207568 
111  27.051590713  31.016836464 
113  27.052304507  31.017457692
110  1 0.00 0.0000 Polygon from DSF lib/airport/Common_Elements/Fence_Facades/Fenced_Parking.fac 
111  27.052096175  31.017653263 
111  27.052085929  31.017645594 
111  27.051440440  31.017055044 
111  27.050945224  31.017703115 
111  27.051631696  31.018355020 
113  27.052072268  31.017775975
110 1 0.00 0.0000 New Taxiway 111
111  27.05230319  031.01496544
111  27.05230319  031.01496544
111  27.05161731  031.01590355
111  27.05165965  031.01594474
111  27.05076208  031.01716490
111  27.05071127  031.01711736
111  27.05068305  031.01716173
111  27.05046006  031.01745013
111  27.05048547  031.01790966
111  27.05053063  031.01801425
111  27.05056168  031.01818222
111  27.05065482  031.01830582
111  27.05086934  031.01852132
111  27.05109232  031.01870197
111  27.05132659  031.01870831
111  27.05143949  031.01869246
111  27.05169352  031.01850231
111  27.05216488  031.01788431
111  27.05230601  031.01784945
111  27.05237940  031.01789065
111  27.05263391  031.01812556
111  27.05267147  031.01820780
111  27.05272657  031.01828680
111  27.05291004  031.01801742
111  27.05283101  031.01797622
111  27.05276044  031.01791917
111  27.05252899  031.01769099
111  27.05247645  031.01758810
111  27.05248666  031.01743111
111  27.05262214  031.01723462
111  27.05293036  031.01679981
111  27.05302576  031.01660744
111  27.05303070  031.01639820
111  27.05301842  031.01623379
111  27.05287250  031.01596535
111  27.05272036  031.01582939
111  27.05254649  031.01569692
111  27.05238307  031.01563005
111  27.05219933  031.01561166
111  27.05213262  031.01554827
111  27.05211979  031.01543014
113  27.05238664  031.01505271
111  27.05214231  031.01626483
112  27.05232859  031.01604615  27.05233424  031.01604615
112  27.05255157  031.01604932  27.05260739  031.01607131
112  27.05264945  031.01607335  27.05266921  031.01609554
112  27.05279149  031.01627434  27.05284230  031.01637259
111  27.05283101  031.01654372
113  27.05268706  031.01674339
111  27.05149594  031.01830899
111  27.05146207  031.01839773
112  27.05127861  031.01848013  27.05120804  031.01847696
112  27.05102457  031.01836921  27.05101611  031.01835653
112  27.05093425  031.01822342  27.05092014  031.01820441
112  27.05088909  031.01805545  27.05089192  031.01801108
112  27.05093498  031.01789485  27.05096603  031.01785048
113  27.05100764  031.01780825
111  27.05217335  031.01584649
111  27.05206892  031.01590037
111  27.05166247  031.01642963
111  27.05158062  031.01634406
111  27.05173586  031.01610320
111  27.05184594  031.01597960
111  27.05195319  031.01586868
111  27.05205481  031.01583698
113  27.05217335  031.01582114
111  27.05153546  031.01661028
111  27.05123344  031.01700960
111  27.05112619  031.01693037
113  27.05142820  031.01651837
111  27.05108949  031.01719976
111  27.05080442  031.01759274
111  27.05071410  031.01773536
111  27.05067458  031.01787481
111  27.05065482  031.01784628
111  27.05067740  031.01764979
111  27.05073667  031.01746281
113  27.05099353  031.01711419
111  27.05205198  031.01555809
111  27.05203505  031.01557077
111  27.05204069  031.01555809
111  27.05203505  031.01553908
113  27.05203505  031.01557077
110 1 0.00 0.0000 New Taxiway 105
111  27.03800204  031.02288223
111  27.03784781  031.02294284
111  27.03745260  031.02346878
113  27.03752779  031.02353155
110 14 0.00 0.0000 Cross Twy A
111  27.03848157  031.02407298
111  27.03845131  031.02406944
111  27.03845541  031.02403724
111  27.03844375  031.02403476
111  27.03843871  031.02406767
111  27.03840750  031.02406413
111  27.03840561  031.02407970
111  27.03843650  031.02408360
111  27.03843146  031.02411792
111  27.03844280  031.02411969
111  27.03844848  031.02408501
113  27.03847842  031.02408997
110 14 0.00 0.0000 Cross Twy B
111  27.04217253  031.01929693
111  27.04216758  031.01926995
111  27.04215423  031.01927380
111  27.04215995  031.01930592
111  27.04213401  031.01932519
111  27.04214011  031.01933718
111  27.04216224  031.01932176
111  27.04216758  031.01934746
111  27.04218055  031.01934703
111  27.04217559  031.01931149
111  27.04219695  031.01929478
113  27.04219046  031.01928494
110 14 0.00 0.0000 Cross Twy C
111  27.04678954  031.01349270
111  27.04678899  031.01345822
111  27.04677502  031.01345759
111  27.04677558  031.01349396
111  27.04674431  031.01349458
111  27.04674431  031.01351089
111  27.04677614  031.01350963
111  27.04677670  031.01354600
111  27.04679010  031.01354725
111  27.04679010  031.01350775
111  27.04681914  031.01350587
113  27.04681970  031.01349145
110 14 0.00 0.0000 Cross Twy A
111  27.04962462  031.01149970
111  27.04962935  031.01146289
111  27.04961674  031.01146112
111  27.04961170  031.01149651
111  27.04958015  031.01148833
111  27.04957709  031.01150204
111  27.04960951  031.01151189
111  27.04960379  031.01154872
111  27.04961714  031.01155214
111  27.04962210  031.01151617
111  27.04965525  031.01152654
113  27.04965818  031.01151052
110 14 0.00 0.0000 Cross Twy A
111  27.05159957  031.00882421
111  27.05159172  031.00878949
111  27.05157557  031.00879363
111  27.05158342  031.00882524
111  27.05155157  031.00882576
111  27.05154973  031.00884183
111  27.05158711  031.00884131
111  27.05159634  031.00888017
111  27.05161018  031.00887551
111  27.05160142  031.00884131
111  27.05163141  031.00884131
113  27.05163188  031.00882473
110 14 0.00 0.0000 Cross Twy E
111  27.05224180  031.00528641
111  27.05224180  031.00528641
111  27.05225409  031.00525527
111  27.05224022  031.00524925
111  27.05222635  031.00528252
111  27.05219893  031.00527650
111  27.05219609  031.00529172
111  27.05222194  031.00529632
111  27.05220807  031.00532959
111  27.05222099  031.00533420
111  27.05223486  031.00530022
111  27.05226197  031.00530694
113  27.05226449  031.00529172
110 14 0.00 0.0000 Cross Twy F
111  27.05572561  031.00087063
111  27.05571638  031.00091209
111  27.05568131  031.00091468
111  27.05568223  031.00092971
111  27.05571315  031.00092711
111  27.05570669  031.00095769
111  27.05571962  031.00095976
111  27.05572654  031.00092608
111  27.05575700  031.00092401
111  27.05575700  031.00090742
111  27.05572931  031.00091053
113  27.05573761  031.00087426
110 1 0.00 0.0000 New Taxiway 65
111  27.05507534  031.00001753
111  27.05483938  030.99981882
111  27.05433640  031.00051258
113  27.05423705  031.00114707
110 3 0.00 0.0000 New Taxiway 40
111  27.05099304  031.01711640
111  27.05074372  031.01746536
111  27.05068566  031.01765326
111  27.05066517  031.01784500
111  27.05067542  031.01786801
112  27.05072323  031.01772996  27.05072323  031.01772229
111  27.05081203  031.01759191
113  27.05109550  031.01720076
110 3 0.00 0.0000 New Taxiway 39
111  27.05143019  031.01652202
111  27.05113648  031.01692850
111  27.05123552  031.01701670
113  27.05153948  031.01661022
110 3 0.00 0.0000 New Taxiway 38
111  27.05217473  031.01582409
111  27.05204836  031.01584327
111  27.05195615  031.01587395
111  27.05184344  031.01598132
111  27.05173757  031.01610786
111  27.05158388  031.01634945
111  27.05166585  031.01643382
111  27.05207227  031.01590462
113  27.05217131  031.01585094
110 3 0.00 0.0000 New Taxiway 37
111  27.05162487  031.01693617
111  27.05152582  031.01707038
111  27.05158280  031.01712266
113  27.05168293  031.01698218
110 3 0.00 0.0000 New Taxiway 36
111  27.05173757  031.01704354
111  27.05163511  031.01717009
111  27.05172714  031.01724336
113  27.05182565  031.01711782
110 3 0.00 0.0000 New Taxiway 35
111  27.05186394  031.01718159
111  27.05178142  031.01729299
111  27.05186052  031.01735415
113  27.05193782  031.01724516
110 3 0.00 0.0000 New Taxiway 34
111  27.05200055  031.01727362
111  27.05191175  031.01741168
111  27.05199030  031.01748070
113  27.05208251  031.01735799
110 3 0.00 0.0000 New Taxiway 33
111  27.05213716  031.01739250
111  27.05203811  031.01753055
111  27.05210984  031.01759191
113  27.05220546  031.01745002
110 3 0.00 0.0000 New Taxiway 32
111  27.05099987  031.01781049
112  27.05093839  031.01788335  27.05093498  031.01789485
112  27.05089399  031.01803674  27.05088716  031.01808275
112  27.05091449  031.01821313  27.05093498  031.01826682
112  27.05103061  031.01837419  27.05105451  031.01841254
112  27.05128675  031.01847390  27.05133115  031.01847390
112  27.05146776  031.01839720  27.05147801  031.01838186
111  27.05149850  031.01831284
113  27.05144044  031.01823998
110 3 0.00 0.0000 New Taxiway 31
112  27.05283388  031.01654119  27.05284754  031.01644532
112  27.05279972  031.01629960  27.05277923  031.01625358
112  27.05264945  031.01607335  27.05260847  031.01603884
112  27.05234891  031.01605418  27.05224986  031.01606568
111  27.05215765  031.01625742
113  27.05269385  031.01673676
110 3 0.00 0.0000 New Taxiway 19
111  27.05051213  031.01705955
111  27.05034006  031.01728496
111  27.05045318  031.01738693
113  27.05062047  031.01716331
110 3 0.00 0.0000 New Taxiway 18
111  27.05153660  031.01593609
111  27.05175647  031.01564270
111  27.05164175  031.01553537
113  27.05144737  031.01580192
110 5 0.00 0.0000 New Taxiway 43
111  27.05026444  031.01670934
111  27.05025683  031.01672017
111  27.04994295  031.01715413
112  27.04994891  031.01722849  27.04995800  031.01725777
111  27.05000280  031.01728775
112  27.05006494  031.01731461  27.05010620  031.01732131
111  27.05014975  031.01727825
113  27.05043842  031.01687182
110 1 0.00 0.0000 New Taxiway 59 asph
111  27.05150221  031.00968104
112  27.05143036  031.00957155  27.05142010  031.00952546
111  27.05150997  031.00931805
111  27.05080427  031.01027743
112  27.05101325  031.01007575  27.05110397  031.01000497
111  27.05101325  031.01007575
112  27.05101325  031.01007575  27.05106221  031.01003755
112  27.05111219  031.01003829  27.05111758  031.01003930
111  27.05111219  031.01003829
112  27.05111219  031.01003829  27.05112758  031.01004117
111  27.05117890  031.01006999
111  27.05180503  031.01063824
111  27.05202741  031.01032463
111  27.05215677  031.01043892
111  27.05221190  031.01045559
111  27.05232218  031.01048654
111  27.05243457  031.01049369
111  27.05254272  031.01046750
111  27.05265087  031.01041749
111  27.05270177  031.01036987
111  27.05293292  031.01005080
111  27.05334767  031.01043629
111  27.05341187  031.01034875
111  27.05295802  031.00994269
111  27.05287432  031.00999080
111  27.05260275  031.01032514
111  27.05252598  031.01036002
111  27.05242325  031.01038183
111  27.05234926  031.01039251
111  27.05225364  031.01036133
113  27.05218989  031.01033505
110 1 0.00 0.0000 New Taxiway 59 conc
111  27.05142267  031.00975306 3 102
112  27.05134056  031.00964358  27.05132516  031.00961189 3 102
111  27.05133029  031.00952546
111  27.05104290  031.00992305 3 102
112  27.05115581  031.00993457  27.05117120  031.00993745 3 102
111  27.05123792  031.00998355 3 102
111  27.05186144  031.01055113
113  27.05202566  031.01032352 3 102
110 1 0.00 131.0000 New Taxiway 58  conc
111  27.05206416  031.01122243 3 102
111  27.05152274  031.01197439 3 102
112  27.05133286  031.01208387  27.05130463  031.01208099 3 102
111  27.05113784  031.01201185 3 102
111  27.05029621  031.01123395 3 102
112  27.05023206  031.01114464  27.05021923  031.01110430 3 102
111  27.05019871  031.01090551
111  27.04987283  031.01135208 3 102
112  27.05009350  031.01135496  27.05012686  031.01136648 3 102
111  27.05027055  031.01150766 3 102
111  27.05100442  031.01218759
111  27.05129580  031.01246764
111  27.05233278  031.01108898
111  27.05225432  031.01093658
111  27.05200088  031.01068853 3 102
111  27.05208085  031.01084459 3 102
111  27.05210267  031.01097071 3 102
113  27.05210254  031.01108970 3 102
110 1 0.00 45.0000 New Taxiway 58 asp
111  27.05197435  031.01118209
111  27.05145089  031.01191101
112  27.05132516  031.01197727  27.05129693  031.01197439
111  27.05118403  031.01191389
111  27.05037832  031.01117345
112  27.05031417  031.01109278  27.05030134  031.01105244
111  27.05030134  031.01095737
111  27.04991388  031.01146732
112  27.05002935  031.01145580  27.05006271  031.01146732
111  27.05019101  031.01157968
111  27.05094415  031.01227691
111  27.05100891  031.01219186
111  27.05129580  031.01246764
111  27.05233278  031.01108898
111  27.05225432  031.01093658
111  27.05200088  031.01068853
111  27.05186200  031.01055322
111  27.05180503  031.01063824
111  27.05190969  031.01073883
111  27.05198334  031.01087052
111  27.05199234  031.01097071
113  27.05199990  031.01108682
110 1 0.00 131.0000 New Taxiway 4 concrete
111  27.03980866  031.02448406 3 102
111  27.03965070  031.02467026 3 102
112  27.03948748  031.02476484  27.03942693  031.02477962 3 102
111  27.03933742  031.02471755 3 102
111  27.03853447  031.02402002 3 102
111  27.03845286  031.02392248 3 102
112  27.03834492  031.02365943  27.03831859  031.02355007 3 102
111  27.03842653  031.02313036
111  27.03794739  031.02376879 3 102
111  27.03916103  031.02490376 3 102
112  27.03954540  031.02503086  27.03971915  031.02499539 3 102
111  27.03985078  031.02482691 3 102
113  27.03998241  031.02465844
110 1 0.00 131.0000 New Taxiway 3 con
111  27.05659799  031.00226531 3 102
111  27.05659911  031.00226530 3 102
112  27.05670071  031.00189045  27.05668061  031.00165726 3 102
111  27.05653547  031.00152938
111  27.05637523  031.00174636 3 102
112  27.05645731  031.00191553  27.05646461  031.00201704 3 102
111  27.05641042  031.00209355 3 102
111  27.05607435  031.00261132 3 102
111  27.05540111  031.00353153 3 102
112  27.05507621  031.00388507  27.05492772  031.00402924 3 102
111  27.05453918  031.00421604 3 102
111  27.05196678  031.00527915 3 102
112  27.05185848  031.00523527  27.05183615  031.00520142 3 102
111  27.05185290  031.00513122
111  27.05079893  031.00654782 3 102
112  27.05164746  031.00575678  27.05176470  031.00566902 3 102
111  27.05227828  031.00539197 3 102
111  27.05430918  031.00454699 3 102
112  27.05448327  031.00459721  27.05452626  031.00469600 3 102
111  27.05446996  031.00478894 3 102
111  27.05122096  031.00916544 3 102
112  27.05101888  031.00927701  27.05090857  031.00928364 3 102
111  27.05083912  031.00920430 3 102
111  27.05000287  031.00841703 3 102
112  27.04984656  031.00812619  27.04981418  031.00800459 3 102
111  27.04990909  031.00775261
111  27.04924477  031.00864268 3 102
111  27.04938657  031.00855367 3 102
112  27.04961657  031.00853236  27.04970812  031.00853737 3 102
111  27.04983093  031.00864143 3 102
111  27.05066272  031.00943245 3 102
112  27.05075734  031.00960887  27.05078889  031.00973518 3 102
111  27.05070068  031.00986872 3 102
111  27.04777100  031.01381132 3 102
112  27.04757450  031.01394922  27.04747372  031.01395984 3 102
111  27.04740479  031.01391036 3 102
111  27.04638097  031.01296390 3 102
112  27.04628719  031.01280219  27.04626597  031.01274077 3 102
111  27.04632647  031.01254874
111  27.04586772  031.01316444 3 102
112  27.04611078  031.01306544  27.04616410  031.01306096 3 102
111  27.04625034  031.01313314 3 102
111  27.04723509  031.01405702 3 102
112  27.04733166  031.01425410  27.04735095  031.01437675 3 102
111  27.04725192  031.01450846 3 102
111  27.04222627  031.02128244 3 102
112  27.04206010  031.02131732  27.04195462  031.02125662 3 102
111  27.04198850  031.02115654 3 102
111  27.04240459  031.01852038 3 102
112  27.04269935  031.01765513  27.04278409  031.01744416 3 102
111  27.04306667  031.01692955
111  27.04203077  031.01831347 3 102
112  27.04217616  031.01834182  27.04219212  031.01835561 3 102
111  27.04219949  031.01843558 3 102
111  27.04173403  031.02146636 3 102
112  27.04158051  031.02202480  27.04153507  031.02214200 3 102
111  27.04137295  031.02242743 3 102
111  27.03980339  031.02449435
111  27.03998393  031.02465981 3 102
112  27.04706835  031.01510863  27.04901282  031.01254285
111  27.04706835  031.01510863
112  27.04706835  031.01510863  27.04718853  031.01495005 3 102
112  27.04741372  031.01470959  27.04750733  031.01458727
111  27.04741372  031.01470959
112  27.04741372  031.01470959  27.04746479  031.01464286 3 102
112  27.04760634  031.01459794  27.04766691  031.01456970
111  27.04760634  031.01459794
112  27.04760634  031.01459794  27.04771938  031.01456720 3 102
112  27.04783263  031.01467124  27.04784003  031.01466159
111  27.04783263  031.01467124
112  27.04783263  031.01467124  27.04791278  031.01456675
112  27.04800678  031.01443655  27.04804584  031.01438377
111  27.04800678  031.01443655
112  27.04800678  031.01443655  27.04792011  031.01434272 3 102
112  27.04790018  031.01419439  27.04789968  031.01419382
111  27.04790018  031.01419439
112  27.04790018  031.01419439  27.04788940  031.01402872 3 102
111  27.04802669  031.01384469 3 102
111  27.04987283  031.01135229
111  27.05019871  031.01090572 3 102
111  27.05057110  031.01040853
113  27.05164673  031.00895237 3 102
110 1 0.00 131.0000 New Taxiway 2 Con
111  27.05537162  031.00044900
111  27.05497683  031.00095548 3 102
112  27.05520429  031.00085110  27.05533484  031.00083111 3 102
111  27.05553065  031.00091550 3 102
111  27.05593579  031.00129118 3 102
111  27.05637523  031.00174614
113  27.05653547  031.00152917 3 102
110 1 0.00 131.0000 New Taxiway 11 Con
111  27.05100891  031.01219186 3 102
111  27.05103860  031.01223262 3 102
111  27.05105666  031.01226448 3 102
112  27.05109019  031.01241796  27.05109793  031.01254249 3 102
111  27.05103603  031.01261779 3 102
111  27.04933632  031.01489691 3 102
111  27.04916609  031.01510253 3 102
112  27.04894943  031.01520968  27.04883337  031.01521257 3 102
111  27.04876115  031.01515176 3 102
111  27.04845938  031.01490800 3 102
111  27.04828202  031.01473658 3 102
111  27.04813440  031.01456916 3 102
111  27.04800678  031.01443634
111  27.04782747  031.01466813 3 102
111  27.04814784  031.01492220 3 102
111  27.04900102  031.01569911 9
111  27.05036543  031.01389491 3 102
111  27.05120625  031.01277127 3 102
112  27.05136887  031.01267104  27.05142304  031.01265656 3 102
111  27.05145678  031.01267168 3 102
113  27.05152320  031.01268835
110 1 0.00 45.0000 New Taxiway 4 asp
111  27.03973357  031.02442794
111  27.03959485  031.02459710
112  27.03946266  031.02465859  27.03937418  031.02464723
111  27.03934983  031.02459562
111  27.03859808  031.02392944
111  27.03851337  031.02383538
112  27.03842560  031.02361588  27.03839772  031.02345600
111  27.03842560  031.02361588
112  27.03842560  031.02361588  27.03840548  031.02353233
112  27.03849751  031.02318998  27.03855355  031.02303467
111  27.03849751  031.02318998
112  27.03849751  031.02318998  27.03847932  031.02317221
111  27.03842653  031.02313036
111  27.03786981  031.02386982
111  27.03910363  031.02499260
112  27.03956712  031.02513711  27.03985724  031.02508423
111  27.04005869  031.02472762
113  27.03998241  031.02465844
110 1 0.00 45.0000 New Taxiway 11 asp
111  27.05100891  031.01219186
111  27.05103860  031.01223262
111  27.05100891  031.01219186
112  27.05094415  031.01227691  27.05092688  031.01229967
111  27.05094415  031.01227691
112  27.05094415  031.01227691  27.05095918  031.01232000
112  27.05099012  031.01240932  27.05099459  031.01248135
111  27.05099012  031.01240932
112  27.05099012  031.01240932  27.05099786  031.01253385
111  27.05096244  031.01254985
111  27.04926927  031.01483082
111  27.04908923  031.01502909
112  27.04893390  031.01510319  27.04887506  031.01509966
111  27.04880448  031.01504894
111  27.04850598  031.01482079
111  27.04835151  031.01466039
111  27.04818918  031.01448012
111  27.04807709  031.01434821
111  27.04776123  031.01475477
111  27.04809225  031.01501400
111  27.04893234  031.01579274
111  27.05035722  031.01390578
111  27.05033830  031.01396265
111  27.05032364  031.01400926
111  27.05032052  031.01406250
111  27.05032860  031.01411289
111  27.05035620  031.01415876
111  27.05043411  031.01423667
111  27.05080210  031.01457835
111  27.05083572  031.01456029
111  27.05088712  031.01452662
111  27.05094103  031.01447367
111  27.05188957  031.01316802
111  27.05185982  031.01313649
111  27.05086544  031.01448038
111  27.05085101  031.01448562
111  27.05081725  031.01449111
111  27.05079812  031.01449106
111  27.05077072  031.01448477
111  27.05044278  031.01416781
111  27.05040259  031.01412730
111  27.05039731  031.01408631
111  27.05040355  031.01405312
111  27.05045127  031.01398029
111  27.05129210  031.01284747
112  27.05137459  031.01278395  27.05142876  031.01276947
111  27.05141671  031.01277909
111  27.05147191  031.01278666
111  27.05149826  031.01279828
111  27.05153044  031.01281672
111  27.05156985  031.01284673
111  27.05189112  031.01316408
111  27.05195359  031.01307450
111  27.05161108  031.01275461
111  27.05157374  031.01271899
113  27.05152320  031.01268835
110 1 0.00 45.0000 New Taxiway 3 asp
111  27.05651848  031.00255333
111  27.05666953  031.00234416
112  27.05680747  031.00190809  27.05679192  031.00160348
111  27.05659453  031.00143734
111  27.05630027  031.00181501
112  27.05635055  031.00194082  27.05634648  031.00204233
111  27.05626503  031.00213670
111  27.05599030  031.00253204
111  27.05532387  031.00345989
112  27.05501942  031.00379303  27.05483231  031.00396271
111  27.05450283  031.00410869
111  27.05195997  031.00516160
112  27.05194480  031.00514068  27.05193383  031.00511959
111  27.05189833  031.00508764
111  27.05079893  031.00654506
112  27.05087538  031.00661168  27.05094395  031.00666535
111  27.05087538  031.00661168
112  27.05087538  031.00661168  27.05114570  031.00629451
112  27.05167472  031.00584839  27.05175895  031.00578534
111  27.05167472  031.00584839
112  27.05167472  031.00584839  27.05179196  031.00576063
111  27.05229191  031.00550653
111  27.05434098  031.00466410
112  27.05439241  031.00467862  27.05440359  031.00471364
111  27.05439045  031.00471731
111  27.05113691  031.00909381
112  27.05101661  031.00916457  27.05096309  031.00917120
111  27.05088869  031.00910484
111  27.05005863  031.00832847
112  27.04990232  031.00810023  27.04985755  031.00797168
111  27.04990232  031.00810023
112  27.04990232  031.00810023  27.04988218  031.00802459
112  27.04995404  031.00778801  27.04998533  031.00770101
111  27.04995404  031.00778801
112  27.04995404  031.00778801  27.04992415  031.00777557
111  27.04990909  031.00774984
111  27.04924477  031.00863991
111  27.04931067  031.00870010
111  27.04936592  031.00863902
112  27.04957733  031.00860843  27.04970605  031.00864127
111  27.04976072  031.00871982
111  27.05059457  031.00951548
112  27.05065821  031.00964320  27.05066911  031.00969068
111  27.05062427  031.00979175
111  27.04769459  031.01372972
112  27.04757244  031.01383515  27.04750676  031.01384810
111  27.04744816  031.01381716
111  27.04649455  031.01292636
112  27.04637186  031.01279015  27.04635064  031.01272873
111  27.04637186  031.01279015
112  27.04637186  031.01279015  27.04635760  031.01274888
112  27.04639888  031.01259016  27.04642177  031.01251552
111  27.04639888  031.01259016
112  27.04639888  031.01259016  27.04636395  031.01256622
111  27.04633886  031.01254597
111  27.04587804  031.01316631
112  27.04593552  031.01321157  27.04596801  031.01324326
111  27.04593552  031.01321157
112  27.04593552  031.01321157  27.04598063  031.01318509
112  27.04605915  031.01316006  27.04608890  031.01315756
111  27.04605915  031.01316006
112  27.04605915  031.01316006  27.04611248  031.01315558
111  27.04618632  031.01322080
111  27.04716900  031.01414005
112  27.04722634  031.01428611  27.04723117  031.01436239
111  27.04718377  031.01443613
111  27.04217789  031.02118462
112  27.04210848  031.02121611  27.04206267  031.02119998
111  27.04207921  031.02116396
111  27.04249832  031.01855496
112  27.04276889  031.01768631  27.04285363  031.01747534
111  27.04276889  031.01768631
112  27.04276889  031.01768631  27.04283090  031.01753193
112  27.04317845  031.01694323  27.04330760  031.01677454
111  27.04317845  031.01694323
112  27.04317845  031.01694323  27.04316624  031.01692552
111  27.04310900  031.01687926
111  27.04204952  031.01844150
112  27.04209331  031.01845580  27.04209880  031.01846069
111  27.04208401  031.01851788
111  27.04163952  031.02145092
112  27.04149517  031.02198545  27.04143267  031.02214969
111  27.04128141  031.02238286
111  27.03973357  031.02442539
111  27.04005869  031.02472507
112  27.04714063  031.01517774  27.04908510  031.01261197
111  27.04714063  031.01517774
112  27.04714063  031.01517774  27.04726081  031.01501916
112  27.04747154  031.01478798  27.04756515  031.01466566
111  27.04747154  031.01478798
112  27.04747154  031.01478798  27.04752261  031.01472125
112  27.04762080  031.01470880  27.04770615  031.01468983
111  27.04762080  031.01470880
112  27.04762080  031.01470880  27.04773796  031.01470355
112  27.04776123  031.01475477  27.04776863  031.01474513
111  27.04776123  031.01475477
112  27.04776123  031.01475477  27.04784138  031.01465029
112  27.04807354  031.01434882  27.04811260  031.01429604
111  27.04807354  031.01434882
112  27.04807354  031.01434882  27.04798688  031.01425499
112  27.04800695  031.01414571  27.04800644  031.01414514
111  27.04800695  031.01414571
112  27.04800695  031.01414571  27.04803252  031.01402085
113  27.04817207  031.01382663
110 1 0.00 45.0000 New Taxiway 2 asp
111  27.05550172  031.00042813
111  27.05505837  031.00102203
112  27.05505837  031.00102203  27.05509527  031.00105590
111  27.05505837  031.00102203
112  27.05505837  031.00102203  27.05509435  031.00098794
112  27.05529103  031.00094617  27.05535934  031.00093571
111  27.05529103  031.00094617
112  27.05529103  031.00094617  27.05538233  031.00094241
111  27.05548315  031.00101290
111  27.05584699  031.00135843
111  27.05630027  031.00181501
113  27.05659453  031.00143734
110 3 0.00 0.0000 New Taxiway 57
111  27.05035729  031.01772779
111  27.05046968  031.01777541
113  27.05047817  031.01758255
110 1 0.00 0.0000 New Taxiway 56
111  27.05048665  031.01792066
111  27.05046756  031.01777779
111  27.05035941  031.01773255
111  27.05047817  031.01757540
111  27.05046332  031.01744683
112  27.05021733  031.01776113  27.05018976  031.01780399
112  27.05008797  031.01788494  27.05001163  031.01795637
112  27.04989712  031.01800875  27.04982713  031.01804685
112  27.04971898  031.01808733  27.04965536  031.01810876
111  27.04955994  031.01810161
112  27.04866715  031.01799923  27.04862050  031.01796828
112  27.04861202  031.01786589  27.04860354  031.01782303
112  27.04867564  031.01773493  27.04869048  031.01771112
112  27.04882408  031.01752540  27.04885165  031.01748969
112  27.04889406  031.01733492  27.04893223  031.01723015
112  27.04899373  031.01725396  27.04907431  031.01719920
112  27.04922912  031.01722539  27.04930334  031.01721825
112  27.04951328  031.01722063  27.04958538  031.01722063
112  27.04969778  031.01727777  27.04974019  031.01729920
112  27.04985894  031.01738254  27.04989712  031.01741826
112  27.04995649  031.01748016  27.04997134  031.01749683
112  27.05005404  031.01751350  27.05008585  031.01753016
111  27.05011978  031.01748492
111  27.05052270  031.01694919
111  27.05043787  031.01687538
111  27.05020885  031.01720396
111  27.05014947  031.01727301
111  27.05006677  031.01731349
111  27.04999466  031.01728492
111  27.04994589  031.01722063
111  27.04994165  031.01714682
111  27.05003071  031.01702538
111  27.04998194  031.01698729
112  27.04993529  031.01708491  27.04991196  031.01710872
112  27.04986318  031.01713253  27.04984198  031.01713967
112  27.04976352  031.01709681  27.04972534  031.01708015
112  27.04965112  031.01706824  27.04960447  031.01705872
112  27.04948996  031.01707777  27.04943694  031.01707777
112  27.04928850  031.01711110  27.04923124  031.01711824
111  27.04919943  031.01709920
112  27.04911248  031.01698967  27.04910188  031.01694919
111  27.04914854  031.01685871
112  27.04926941  031.01672061  27.04930546  031.01668966
112  27.04932031  031.01673252  27.04934151  031.01674680
112  27.04933939  031.01678490  27.04934363  031.01681585
112  27.04937968  031.01685395  27.04939877  031.01690157
111  27.04939665  031.01687300
112  27.04942210  031.01682776  27.04941149  031.01682061
112  27.04936908  031.01673252  27.04936696  031.01670394
112  27.04939665  031.01660870  27.04941361  031.01657537
111  27.04944542  031.01654441
111  27.04954933  031.01644203
111  27.04958962  031.01640155
111  27.04951540  031.01631107
111  27.04924608  031.01657775
112  27.04894283  031.01695395  27.04888558  031.01703253
112  27.04882196  031.01718491  27.04877531  031.01728254
112  27.04875622  031.01737302  27.04873289  031.01742540
112  27.04863746  031.01757779  27.04860353  031.01762541
112  27.04852931  031.01772779  27.04848690  031.01776827
112  27.04838299  031.01793256  27.04833846  031.01798971
111  27.04832149  031.01806114
111  27.04843601  031.01808018
111  27.04956418  031.01818495
111  27.04974655  031.01817066
112  27.04987379  031.01812781  27.04990136  031.01811828
112  27.05005192  031.01802066  27.05006677  031.01801590
112  27.05019612  031.01790161  27.05022157  031.01787065
113  27.05037426  031.01784208
110 1 0.00 0.0000 New Taxiway 46
111  27.02455786  031.03267951
111  27.02451263  031.03274723
111  27.03465455  031.04116595
111  27.03626263  031.03102689
111  27.04873383  031.01945079
111  27.04876895  031.01941058
111  27.04879560  031.01936958
111  27.04881672  031.01931375
111  27.04881629  031.01926444
111  27.04880690  031.01922512
111  27.04878532  031.01916873
111  27.04840081  031.01828011
111  27.04838255  031.01822410
111  27.04837734  031.01814675
111  27.04839606  031.01810879
111  27.04843880  031.01808262
111  27.04832214  031.01806795
111  27.04831303  031.01810571
111  27.04831372  031.01814253
111  27.04831990  031.01818388
111  27.04833230  031.01823145
111  27.04836192  031.01829577
111  27.04875708  031.01918690
111  27.04877775  031.01925656
111  27.04878356  031.01932167
111  27.04875855  031.01937248
111  27.04871013  031.01942860
111  27.03623765  031.03101260
113  27.03460112  031.04101658
110 12 0.00 0.0000 New Taxiway 51
112  27.05164027  031.01433477  27.05163179  031.01429667
112  27.05155756  031.01431334  27.05152363  031.01432525
112  27.05148546  031.01443001  27.05145153  031.01448716
112  27.05140700  031.01472527  27.05137943  031.01482527
112  27.05141336  031.01492528  27.05143457  031.01499909
111  27.05146850  031.01499909
111  27.05174206  031.01525625
112  27.05185657  031.01499909  27.05184809  031.01495147
112  27.05178659  031.01492766  27.05177387  031.01492052
112  27.05161906  031.01477051  27.05161270  031.01476813
112  27.05154908  031.01468003  27.05153424  031.01463955
112  27.05154908  031.01455859  27.05155120  031.01450621
113  27.05162966  031.01444192
110 3 0.00 0.0000 New Taxiway 50
111  27.05158725  031.01382522
111  27.05150455  031.01394428
112  27.05142821  031.01412286  27.05140276  031.01419429
112  27.05137731  031.01429667  27.05135398  031.01436810
112  27.05138367  031.01433001  27.05139215  031.01433953
112  27.05153212  031.01409904  27.05156392  031.01402523
113  27.05160210  031.01382522
110 3 0.00 0.0000 New Taxiway 49
111  27.04950268  031.01704919
112  27.04952813  031.01700871  27.04953025  031.01698728
111  27.04948359  031.01696585
112  27.04940937  031.01694442  27.04938817  031.01692061
112  27.04932031  031.01686347  27.04925032  031.01683728
112  27.04917822  031.01686823  27.04913581  031.01693252
112  27.04914217  031.01701824  27.04917398  031.01706348
114  27.04922064  031.01707776  27.04926093  031.01707776
110 3 0.00 0.0000 New Taxiway 48
111  27.05016855  031.01574436
111  27.04988863  031.01612534
112  27.04975715  031.01628725  27.04969566  031.01635392
112  27.04952601  031.01651107  27.04947511  031.01655869
112  27.04940513  031.01663965  27.04936908  031.01668965
112  27.04939877  031.01674680  27.04939877  031.01679204
112  27.04948359  031.01684204  27.04953449  031.01688252
111  27.04959811  031.01682061
113  27.05030852  031.01586342
110 3 0.00 0.0000 New Taxiway 47
111  27.05122038  031.01432763
111  27.05023005  031.01567293
111  27.05036365  031.01578961
112  27.05115677  031.01469193  27.05118645  031.01463240
113  27.05126068  031.01428715
110 3 0.00 0.0000 New Taxiway 46
111  27.05002859  031.01649202
111  27.04972322  031.01692062
112  27.04985682  031.01696585  27.04986531  031.01697062
111  27.04987803  031.01694681
113  27.05015583  031.01657298
110 3 0.00 0.0000 New Taxiway 45
112  27.05088321  031.01534434  27.05087048  031.01535863
111  27.05089805  031.01535863
111  27.05100832  031.01541578
112  27.05126280  031.01506576  27.05127552  031.01502766
111  27.05125643  031.01503242
112  27.05123099  031.01498242  27.05121826  031.01495147
113  27.05121402  031.01489908
110 5 0.00 0.0000 New Taxiway 44
111  27.05133702  031.01568008
111  27.05157453  031.01535863
112  27.05158937  031.01529196  27.05158725  031.01525386
111  27.05155120  031.01520862
112  27.05146426  031.01515386  27.05143669  031.01516100
111  27.05138155  031.01519910
113  27.05115465  031.01550864
110 1 0.00 0.0000 New Taxiway 2
111  27.05633318  030.99479313
111  27.03147866  031.02825038
111  27.02451263  031.03274723
111  27.02456016  031.03278595
111  27.03150135  031.02828100
113  27.05636071  030.99479363
110 1 0.00 0.0000 New Taxiway 108
112  27.05205593  031.01553307  27.05204972  031.01549472
111  27.05204662  031.01542848
111  27.05186344  031.01567949
112  27.05198763  031.01563765  27.05201557  031.01563068
113  27.05209630  031.01562371
120 Linear Feature 146
111  27.04912227  031.01538157 1
112  27.04894719  031.01544158  27.04883066  031.01543319 1
111  27.04869109  031.01528101 1
111  27.04784794  031.01448903 1
111  27.04733217  031.01400456 1
115  27.04696006  031.01365504
120 Linear Feature 150
111  27.04733217  031.01400456 1
112  27.04741006  031.01426584  27.04741518  031.01442106 1
115  27.04733496  031.01455329
120 Linear Feature 149
111  27.04782820  031.01389025 1
112  27.04758414  031.01406080  27.04750734  031.01407805 1
115  27.04733217  031.01400456
120 Linear Feature 148
111  27.04784527  031.01448813 1
112  27.04774628  031.01421410  27.04773774  031.01408954 1
115  27.04783031  031.01388925
120 Linear Feature 147
111  27.04784527  031.01448813 1
112  27.04760291  031.01441723  27.04749539  031.01442681 1
115  27.04733325  031.01455329
120 Linear Feature 157
111  27.04624164  031.01298384 1
112  27.04612880  031.01271893  27.04610700  031.01260087 1
111  27.04617368  031.01244970 1
115  27.04627755  031.01230573
120 Linear Feature 156
111  27.04659299  031.01331209 1
111  27.04624293  031.01298528 1
112  27.04600186  031.01290177  27.04586978  031.01289601 1
111  27.04575181  031.01301263 1
115  27.04560948  031.01320412
120 Linear Feature 154
111  27.03854194  031.02416928 1
111  27.03818302  031.02382243 1
112  27.03811487  031.02362350  27.03811033  031.02350363 1
115  27.03812169  031.02347303
120 Linear Feature 153
111  27.03988449  031.02457989 1
112  27.03953919  031.02490124  27.03936655  031.02493694 1
111  27.03922117  031.02479157 1
115  27.03886225  031.02447787
120 Linear Feature 152
111  27.04214705  031.01944076 1
112  27.04231515  031.01845883  27.04235831  031.01822419 1
112  27.04254231  031.01770134  27.04258093  031.01761718 1
111  27.04299437  031.01670922 1
115  27.04313748  031.01651028
120 Linear Feature 151
111  27.04206487  031.01997277 1
111  27.04187341  031.02122522 1
112  27.04177222  031.02183501  27.04173092  031.02203209 1
115  27.04157603  031.02230336
120 Linear Feature 145
111  27.05013121  031.01079246 1 101
111  27.04783031  031.01388925 1 101
111  27.04733563  031.01455505 1 101
111  27.04157701  031.02230562 1 101
115  27.03989071  031.02457522
120 Linear Feature 144
111  27.05458956  031.00479468 1
112  27.05458956  031.00451751  27.05452327  031.00438922 1
115  27.05434836  031.00440506
120 Linear Feature 143
111  27.05532138  031.00380815 1
112  27.05491116  031.00415007  27.05477434  031.00424193
111  27.05491116  031.00415007
112  27.05491116  031.00415007  27.05486074  031.00418391 1
112  27.05435024  031.00440664  27.05407421  031.00452498
111  27.05435024  031.00440664
112  27.05435024  031.00440664  27.05387717  031.00460946 1
115  27.05328201  031.00485327
120 Linear Feature 155
111  27.05283190  031.00503954 1 101
111  27.05192137  031.00545271 1 101
112  27.05151585  031.00569724  27.05138443  031.00579421 1 101
112  27.05093573  031.00614835  27.05085501  031.00623477 1 101
111  27.05072359  031.00636125 1 101
115  27.05052271  031.00662686
120 Linear Feature 142
111  27.05575130  031.00096151 1 101
111  27.05545702  031.00068517 1 101
112  27.05526784  031.00058584  27.05513735  031.00054847 1 101
111  27.05500948  031.00062420 1 101
115  27.05477476  031.00092808
120 Linear Feature 138
111  27.05608420  031.00126707 1 101
111  27.05646837  031.00161876 1 101
112  27.05662251  031.00190002  27.05662426  031.00205137 1 101
111  27.05654544  031.00215641 1 101
111  27.05532138  031.00380815 1 101
111  27.05459007  031.00479347 1 101
111  27.05123146  031.00931861 1 101
111  27.05083116  031.00985171 1 101
115  27.05082960  031.00985171
120 Linear Feature 135
111  27.05015522  031.00875235 1 101
111  27.04970974  031.00833189 1 101
112  27.04945686  031.00827325  27.04933592  031.00827325 1 101
111  27.04919298  031.00839670 1 101
115  27.04898133  031.00868372
120 Linear Feature 134
111  27.05121576  031.01256333 1 101
115  27.04915083  031.01535372
120 Linear Feature 133
111  27.05121678  031.01256380 1 101
112  27.05125437  031.01238734  27.05124074  031.01229807 1 101
115  27.05116805  031.01219094
120 Linear Feature 141
111  27.05122836  031.00932210 1 101
112  27.05102975  031.00942140  27.05094132  031.00943011 1 101
115  27.05078771  031.00935172
120 Linear Feature 140
111  27.05123922  031.00977854 1 101
112  27.05116164  031.00961129  27.05114612  031.00950502 1 101
115  27.05123146  031.00931861
120 Linear Feature 139
111  27.05123922  031.00978028 1 101
112  27.05104372  031.00972976  27.05096769  031.00972279 1 101
115  27.05083271  031.00984997
120 Linear Feature 132
111  27.05148835  031.01220114 1 101
112  27.05132479  031.01225981  27.05127028  031.01225215 1 101
111  27.05117260  031.01219859 1 101
111  27.05018670  031.01128801 1 101
112  27.05009811  031.01104825  27.05008220  031.01092581 1 101
111  27.05013672  031.01079063 1 101
111  27.05082958  031.00985454 1 101
112  27.05087047  031.00963008  27.05086138  031.00949745 1 101
115  27.05078642  031.00935206
120 Linear Feature 131
111  27.05121803  031.01256332 1 101
111  27.05148835  031.01220368 1 101
111  27.05232886  031.01109160 1 101
112  27.05236748  031.01094621  27.05236294  031.01083653 1 101
111  27.05230387  031.01078297 1 101
111  27.05124133  031.00978142 1 101
115  27.05052063  031.00910210
120 Linear Feature 137
111  27.04970974  031.00833189 1 101
112  27.04962728  031.00812203  27.04960254  031.00798315 1 101
111  27.04972073  031.00767761 1 101
115  27.04992963  031.00741528
120 Linear Feature 130
111  27.04206487  031.01997277 3 105
115  27.04214733  031.01943889
120 Linear Feature 123
111  27.05096530  031.01774170 22
112  27.05087780  031.01784628  27.05084111  031.01791918 22
112  27.05081571  031.01801742  27.05080159  031.01807130 22
111  27.05082982  031.01823293 22
111  27.05082982  031.01823293 22
115  27.05082417  031.01823293
120 Linear Feature 124
111  27.05089192  031.01832801 22
112  27.05095683  031.01845161  27.05095683  031.01845478 22
112  27.05097377  031.01850865  27.05099070  031.01854352 22
111  27.05100482  031.01855619 22
111  27.05101046  031.01856253 22
115  27.05100200  031.01855936
120 Linear Feature 122
111  27.05258827  031.01596692 22
111  27.05242174  031.01592255 22
111  27.05227496  031.01593840 22
111  27.05208303  031.01606834 22
111  27.05186005  031.01632822 22
111  27.05101328  031.01747548 22
111  27.05081006  031.01783361 22
111  27.05077337  031.01804595 22
111  27.05082982  031.01823610 22
111  27.05095401  031.01840090 22
111  27.05107538  031.01849598 22
112  27.05122215  031.01854985  27.05125038  031.01854985 22
112  27.05139997  031.01852133  27.05144231  031.01849598 22
112  27.05151852  031.01843893  27.05153546  031.01841358 22
115  27.05159755  031.01832801
120 Linear Feature 121
111  27.05276327  031.01679410 22
112  27.05285641  031.01664514  27.05286770  031.01660711 22
112  27.05289310  031.01643280  27.05289028  031.01636625 22
112  27.05281972  031.01619828  27.05279431  031.01613806 22
112  27.05268706  031.01602397  27.05264190  031.01599862 22
112  27.05258544  031.01597009  27.05250924  031.01595425 22
112  27.05235682  031.01597009  27.05232013  031.01598277 22
112  27.05221005  031.01606517  27.05215360  031.01615391 22
112  27.05211690  031.01619511  27.05210279  031.01621412 22
115  27.05209150  031.01622997
120 Linear Feature 120
111  27.05187698  031.01581797 22
111  27.05172457  031.01587501 22
111  27.05160320  031.01595742 22
111  27.05073103  031.01711736 22
111  27.05054756  031.01745964 22
112  27.05053063  031.01773219  27.05053345  031.01777339 22
112  27.05057014  031.01799841  27.05057297  031.01801742 22
115  27.05064071  031.01813785
120 Linear Feature 128
111  27.05241609  031.01758957 22
112  27.05235400  031.01757373  27.05232295  031.01756739 22
111  27.05227496  031.01761176 22
112  27.05221005  031.01771001  27.05221005  031.01771317 22
115  27.05208868  031.01787164
120 Linear Feature 127
111  27.05228343  031.01745013 22
115  27.05208021  031.01772902
120 Linear Feature 126
111  27.05160602  031.01687333 22
115  27.05145925  031.01706982
120 Linear Feature 125
111  27.05283947  031.01605883 22
115  27.05271528  031.01604615
120 Linear Feature 119
111  27.05284794  031.01808081 22
111  27.05252335  031.01778607 22
112  27.05245561  031.01766247  27.05244432  031.01762761 22
112  27.05242738  031.01749767  27.05245561  031.01738991 22
111  27.05254593  031.01725680 22
111  27.05292133  031.01670853 22
112  27.05297213  031.01648351  27.05297778  031.01635040
111  27.05297213  031.01648351
112  27.05297213  031.01648351  27.05297778  031.01635040 22
112  27.05291286  031.01617609  27.05287334  031.01611588 22
112  27.05274633  031.01595425  27.05268988  031.01591938 22
112  27.05255157  031.01582114  27.05243585  031.01576092 22
112  27.05225238  031.01571021  27.05215360  031.01571338 22
112  27.05187981  031.01582114  27.05182336  031.01587501 22
111  27.05066329  031.01745013 22
112  27.05058708  031.01777022  27.05059555  031.01788748 22
112  27.05064353  031.01814419  27.05070563  031.01826145 22
112  27.05090321  031.01849281  27.05096813  031.01854035 22
112  27.05110925  031.01861958  27.05117135  031.01864810 22
112  27.05130401  031.01864810  27.05139433  031.01863225 22
112  27.05162013  031.01849281  27.05173021  031.01836287 22
112  27.05182618  031.01823293  27.05190521  031.01811250 22
112  27.05202940  031.01795404  27.05208585  031.01787164
111  27.05202940  031.01795404
112  27.05202940  031.01795404  27.05208868  031.01787164 22
112  27.05218464  031.01781459  27.05225238  031.01779558 22
112  27.05236529  031.01782093  27.05241327  031.01784311 22
111  27.05277738  031.01818222 22
115  27.05277738  031.01818222
120 Linear Feature 129
111  27.05220440  031.01770684 22
112  27.05219311  031.01777022  27.05220158  031.01778924 22
115  27.05222698  031.01780191
120 Linear Feature 107
111  27.03869436  031.02241902 3 101
111  27.03832872  031.02291871 3 101
112  27.03828845  031.02296147  27.03827213  031.02296514 3 101
111  27.03793043  031.02310442 3 101
111  27.03772802  031.02337442 3 101
112  27.03775631  031.02353813  27.03777264  031.02355646 3 101
112  27.03786405  031.02362610  27.03792499  031.02363343 3 101
112  27.03803925  031.02360777  27.03808387  031.02356135 3 101
112  27.03812196  031.02345383  27.03812304  031.02339641 3 101
112  27.03811869  031.02326691  27.03814481  031.02320460 3 101
115  27.03850392  031.02270857
120 Linear Feature 106
111  27.03801966  031.02302378 3
111  27.03791084  031.02306043 3
111  27.03761811  031.02345872 3
115  27.03766817  031.02350270
120 Linear Feature 101
111  27.03886587  031.02447835 3 105
115  27.03854049  031.02417047
120 Linear Feature 100
111  27.03846976  031.02425721 54 104
115  27.03860144  031.02408006
120 Linear Feature 99
111  27.04204972  031.01941383 54 104
111  27.04225645  031.01945152 54 104
115  27.04225645  031.01945152
120 Linear Feature 94
111  27.04696098  031.01365510 3 105
115  27.04659465  031.01331213
120 Linear Feature 93
111  27.04653043  031.01339552 54 104
115  27.04665999  031.01322247
120 Linear Feature 85
111  27.05052063  031.00910210 3 105
115  27.05015522  031.00875235
120 Linear Feature 84
111  27.05006948  031.00886781 54 104
115  27.05023946  031.00863859
120 Linear Feature 83
111  27.05057110  031.01040832 3 102
111  27.05075457  031.01019121 3 102
111  27.05091106  031.01000439 3 102
112  27.05097131  031.00995289  27.05100009  031.00993875 3 102
115  27.05104416  031.00992159
120 Linear Feature 82
111  27.05132925  031.00952574 3 102
111  27.05133105  031.00949039 3 102
112  27.05134454  031.00943889  27.05135174  031.00942173 3 102
111  27.05137602  031.00937730 3 102
115  27.05164673  031.00895216
120 Linear Feature 78
111  27.05328314  031.00485352 3 105
111  27.05283506  031.00504054 3 105
115  27.05283506  031.00504054
120 Linear Feature 77
111  27.05286653  031.00514654 54 104
111  27.05279898  031.00493502 54 104
115  27.05279898  031.00493502
120 Linear Feature 73
111  27.05608421  031.00126707 3 105
111  27.05575284  031.00096339 3 105
115  27.05575284  031.00096339
120 Linear Feature 72
111  27.05568223  031.00105511 54 104
115  27.05582207  031.00086752
120 Linear Feature 67
111  27.05403924  031.00188797 3 101
111  27.05440815  031.00138699 3 101
112  27.05443426  031.00131856  27.05444515  031.00127457 3 101
111  27.05451479  031.00083713 3 101
112  27.05453764  031.00069416  27.05456703  031.00059152 3 101
111  27.05490437  031.00015896 3 101
112  27.05512854  031.00026771  27.05518513  031.00033736 3 101
112  27.05521016  031.00050965  27.05520145  031.00059641 3 101
112  27.05513943  031.00071127  27.05509590  031.00076381 3 101
112  27.05493484  031.00082979  27.05486193  031.00086156 3 101
111  27.05477487  031.00092877 3 101
111  27.05441903  031.00140898 3 101
115  27.05441903  031.00140898
120 Linear Feature 66
111  27.05508668  031.00016726 3 102
111  27.05486236  030.99995808 3 102
111  27.05440781  031.00057184 3 102
115  27.05433189  031.00118510
120 Linear Feature 62
111  27.05269794  031.01036961 3 102
111  27.05264663  031.01041859 3 102
111  27.05253886  031.01046757 3 102
111  27.05243109  031.01049638 3 102
111  27.05232588  031.01048486 3 102
111  27.05221555  031.01045605 3 102
111  27.05215653  031.01043876 3 102
115  27.05202823  031.01032351
120 Linear Feature 61
111  27.05185888  031.01055401 3 102
115  27.05200001  031.01068654
120 Linear Feature 44
111  27.05034118  031.01481073 20
115  27.05013228  031.01461448
120 Linear Feature 43
111  27.05042004  031.01423154 20
111  27.05063107  031.01442540 20
111  27.05059910  031.01464080 20
111  27.05068649  031.01472697 20
111  27.05061402  031.01482509 20
111  27.05052236  031.01474372 20
111  27.05034331  031.01481313 20
111  27.05030707  031.01502613 20
111  27.05040086  031.01510751 20
111  27.05032626  031.01521282 20
111  27.05023460  031.01512666 20
115  27.05005554  031.01519846
120 Linear Feature 42
111  27.04984878  031.01500699 20
111  27.05005768  031.01520085 20
111  27.04995749  031.01550481 20
111  27.05004702  031.01558858 20
111  27.04992765  031.01574654 20
111  27.04983386  031.01566995 20
111  27.04959086  031.01582073 20
115  27.04938196  031.01562926
120 Linear Feature 40
111  27.04955249  031.01623478 3
115  27.04899614  031.01570106
120 Linear Feature 39
111  27.04955249  031.01623717 3
115  27.04950559  031.01629940
120 Linear Feature 38
111  27.04945657  031.01463124 3
115  27.04950133  031.01466953
120 Linear Feature 37
111  27.04929243  031.01484185 3
115  27.04933720  031.01489929
120 Linear Feature 36
111  27.04911338  031.01505247 3
115  27.04916241  031.01510273
120 Linear Feature 35
111  27.04904517  031.01511230 3
115  27.04906862  031.01516974
120 Linear Feature 34
111  27.04895991  031.01513863 3
115  27.04896204  031.01520325
120 Linear Feature 33
111  27.04886398  031.01513145 3
115  27.04885332  031.01518889
120 Linear Feature 32
111  27.04878511  031.01508837 3
115  27.04875527  031.01514102
120 Linear Feature 31
111  27.04862311  031.01495913 3
115  27.04858901  031.01500939
120 Linear Feature 30
111  27.04846751  031.01482989 3
115  27.04843553  031.01487296
120 Linear Feature 29
111  27.04832043  031.01468868 3
115  27.04827993  031.01473415
120 Linear Feature 28
111  27.04817761  031.01452114 3
115  27.04813498  031.01456901
120 Linear Feature 27
111  27.04803693  031.01436079 3
115  27.04799216  031.01440866
120 Linear Feature 26
111  27.04723971  031.01490169 3
115  27.04729087  031.01495434
120 Linear Feature 25
111  27.04742089  031.01469825 3
115  27.04746779  031.01474851
120 Linear Feature 24
111  27.04750829  031.01463363 3
115  27.04753387  031.01469347
120 Linear Feature 23
111  27.04760634  031.01459773 3
115  27.04761487  031.01467192
120 Linear Feature 22
111  27.04771079  031.01460970 3
115  27.04769800  031.01468150
120 Linear Feature 21
111  27.04780458  031.01465757 3
115  27.04777048  031.01472219
120 Linear Feature 20
111  27.04797511  031.01479399 3
115  27.04793674  031.01484903
120 Linear Feature 19
111  27.04934572  031.01604331 3
115  27.04930735  031.01609596
120 Linear Feature 18
111  27.04914109  031.01584466 3
115  27.04910059  031.01590210
120 Linear Feature 17
111  27.04898335  031.01568670 3
115  27.04893219  031.01574653
120 Linear Feature 16
111  27.03870860  031.02408548 3
115  27.03866799  031.02413881
120 Linear Feature 16
111  27.03853580  031.02431854 3
115  27.03849419  031.02437410
120 Linear Feature 16
111  27.04814784  031.01492220 3
115  27.04810922  031.01497991
120 Linear Feature 16
111  27.04655360  031.01343730 3
115  27.04651498  031.01349174
120 Linear Feature 16
111  27.04998312  031.00881577 3
115  27.04994450  031.00887021
120 Linear Feature 16
111  27.05123615  031.00998754 3
115  27.05119752  031.01004198
120 Linear Feature 16
111  27.05016507  031.01141372 3
115  27.05012644  031.01146816
120 Linear Feature 15
111  27.03883812  031.02420235 3
115  27.03879919  031.02425791
120 Linear Feature 15
111  27.03866233  031.02444322 3
115  27.03862042  031.02449767
120 Linear Feature 15
111  27.04830549  031.01506180 3
115  27.04826358  031.01511624
120 Linear Feature 15
111  27.04672290  031.01359325 3
115  27.04668099  031.01364769
120 Linear Feature 15
111  27.05015242  031.00897171 3
115  27.05011050  031.00902615
120 Linear Feature 15
111  27.05140544  031.01014349 3
115  27.05136353  031.01019793
120 Linear Feature 15
111  27.05033436  031.01156966 3
115  27.05029245  031.01162410
120 Linear Feature 14
111  27.03901606  031.02435830 3
115  27.03897893  031.02441350
120 Linear Feature 14
111  27.03883629  031.02460029 3
115  27.03879618  031.02465660
120 Linear Feature 14
111  27.04847150  031.01521774 3
115  27.04843337  031.01527182
120 Linear Feature 14
111  27.04688891  031.01374919 3
115  27.04685078  031.01380328
120 Linear Feature 14
111  27.05031843  031.00912766 3
115  27.05028030  031.00918174
120 Linear Feature 14
111  27.05157145  031.01029943 3
115  27.05153333  031.01035352
120 Linear Feature 14
111  27.05050037  031.01172561 3
115  27.05046225  031.01177969
120 Linear Feature 13
111  27.03919928  031.02450308 3
115  27.03916018  031.02456311
120 Linear Feature 13
111  27.03900857  031.02476628 3
115  27.03896748  031.02482073
120 Linear Feature 13
111  27.04864079  031.01537369 3
115  27.04859970  031.01542813
120 Linear Feature 13
111  27.04705820  031.01390514 3
115  27.04701711  031.01395958
120 Linear Feature 13
111  27.05048772  031.00928360 3
115  27.05044663  031.00933805
120 Linear Feature 13
111  27.05174075  031.01045538 3
115  27.05169966  031.01050982
120 Linear Feature 13
111  27.05066967  031.01188155 3
115  27.05062858  031.01193600
120 Linear Feature 12
111  27.03937800  031.02465849 3
115  27.03933825  031.02471517
120 Linear Feature 12
111  27.03916144  031.02490383 3
115  27.03912169  031.02496274
120 Linear Feature 12
111  27.04881255  031.01552687 3
115  27.04876982  031.01558131
120 Linear Feature 12
111  27.04722996  031.01405832 3
115  27.04718723  031.01411276
120 Linear Feature 12
111  27.05065948  031.00943678 3
115  27.05061675  031.00949123
120 Linear Feature 12
111  27.05191251  031.01060856 3
115  27.05186977  031.01066300
120 Linear Feature 12
111  27.05084143  031.01203473 3
115  27.05079869  031.01208918
21  27.05558972  031.00116289 6 219.9570 3.00 New Light Fixture 4
21  27.05589064  031.00075056 6 219.9570 3.00 New Light Fixture 4
21  27.04643480  031.01351528 6 222.7090 3.00 New Light Fixture 10
21  27.03836877  031.02435212 6 221.0544 3.00 New Light Fixture 14
21  27.03866458  031.02395417 6 221.0544 3.00 New Light Fixture 14
21  27.04194914  031.01919577 6 280.4079 3.00 New Light Fixture 12
21  27.04241071  031.01926735 6 280.4079 3.00 New Light Fixture 12
21  27.04671531  031.01310011 6 222.7090 3.00 New Light Fixture 10
21  27.04986981  031.00887109 6 220.1556 3.00 New Light Fixture 8
21  27.05020132  031.00840723 6 220.1556 3.00 New Light Fixture 8
21  27.05272849  031.00537210 6 154.8485 3.00 New Light Fixture 6
21  27.05256273  031.00487674 6 154.8485 3.00 New Light Fixture 6
21  27.03165491  031.03178392 1 180.0000 3.00 New Light Fixture 27
21  27.05801677  030.99289896 1 180.0000 3.00 New Light Fixture 25
21  27.06776586  030.99327471 1 180.0000 3.00 New Light Fixture 26
21  27.05438388  031.00213797 2 129.9800 3.00 13  PAPI-4L
21  27.03928426  031.02095397 2 309.9900 3.00 31  PAPI-4L
20  27.04972445  031.01085801 219.6104 0 2 {@Y,^l,no-entry}A{^r}
20  27.05570703  031.00135474 219.3681 0 2 {@L}F{@R}13{@@,@L}F
20  27.05606149  031.00085651 226.1227 0 2 {@L}F{@R}13{@@,@L}F
20  27.04117390  031.02242816 309.2075 0 2 {@L}A{@Y,^lu}B{@@,@L}A
20  27.03833562  031.02441225 219.6674 0 2 {@L}A
20  27.03870538  031.02389404 219.6674 0 2 {@L}A
20  27.04190323  031.01909557 282.1717 0 2 {@L}B{@R}13-31{@@,@L}B
20  27.04248466  031.01920436 282.1717 0 2 {@L}B{@R}13-31{@@,@L}B
20  27.04652915  031.01368421 219.5593 0 2 {@L}A
20  27.04690147  031.01316310 219.5593 0 2 {@L}A
20  27.04993866  031.00902571 220.8147 0 2 {@L}A
20  27.05035178  031.00845305 220.8147 0 2 {@L}A
20  27.05274124  031.00543796 151.8217 0 2 {@L}A
20  27.05252703  031.00480802 151.8217 0 2 {@L}A
20  27.05037983  031.00995035 310.6960 0 2 {@L}A
14  27.05214443  031.01438168 498.69 0 New Tower Viewpoint 10
1300  27.05289411  031.01159395 186.05 gate jets|turboprops|props EgyptAir Old terminal
1301 D airline msr
1300  27.04976430  031.01545238 186.05 gate jets|turboprops|props EgyptAir Nw Terminal
1301 D airline msr
1300  27.05394213  031.00999294 186.05 gate jets|turboprops|props EgyptAir Hangar
1301 D airline msr
18  27.04759830  031.01300809 1 BCN
19  27.05596045  031.00039000 1 WS
19  27.03705556  031.02357386 1 WS
54 11810 TWR
1200 
1201  27.03852846  031.02264381 both 0 31_stop
1201  27.03792853  031.02310497 both 1 31_stop
1201  27.03772534  031.02337340 both 2 31_stop
1201  27.03775161  031.02353269 both 3 31_stop
1201  27.03779278  031.02358776 both 4 31_stop
1201  27.03786372  031.02362414 both 5 31_stop
1201  27.03798808  031.02363594 both 6 31_stop
1201  27.03805640  031.02359071 both 7 31_stop
1201  27.03811683  031.02348746 both 8 31_stop
1201  27.03811070  031.02335964 both 9 31_stop
1201  27.03811595  031.02326623 both 10 31_stop
1201  27.03824207  031.02307547 both 11 31_stop
1201  27.05493753  031.00082859 both 12 13_stop
1201  27.05513841  031.00071053 both 13 13_stop
1201  27.05521351  031.00049762 both 14 13_stop
1201  27.05513090  031.00026363 both 15 13_stop
1201  27.05490562  031.00015823 both 16 13_stop
1201  27.05453952  031.00069156 both 17 13_stop
1201  27.05451700  031.00083491 both 18 13_stop
1201  27.05443251  031.00131765 both 19 13_stop
1201  27.05303503  031.01158725 both 20 D_start
1201  27.05262262  031.01089265 both 21 D_stop
1201  27.05280222  031.01083663 both 22 D_stop
1201  27.05297517  031.01078061 both 23 D_stop
1201  27.05319468  031.01065738 both 24 D_stop
1201  27.05339091  031.01048933 both 25 D_stop
1201  27.05412593  031.00949971 both 26 D_start
1201  27.05087044  031.00954234 both 27 A_stop
1201  27.05087319  031.00969665 both 28 A_stop
1201  27.05083471  031.00985097 both 29 A_stop
1201  27.05125526  031.01238481 both 30 G_stop
1201  27.04912227  031.01538157 both 31 1_stop
1201  27.05121678  031.01256380 both 32 1_stop
1201  27.05013654  031.01079229 both 33 G_stop
1201  27.05010355  031.01109783 both 34 G_stop
1201  27.05019151  031.01129226 both 35 G_stop
1201  27.05117829  031.01220271 both 36 G_stop
1201  27.05133222  031.01225518 both 37 G_stop
1201  27.05149164  031.01220580 both 38 G_start
1201  27.04945761  031.00826772 both 39 D_stop
1201  27.04961429  031.00812575 both 40 D_stop
1201  27.04971324  031.00834179 both 41 D_stop
1201  27.05015522  031.00875235 both 42 D_stop
1201  27.05245643  031.01092809 both 43 D_start
1201  27.05079348  031.00936333 both 44 unnamed entity(split)
1201  27.03801159  031.02335241 both 45 !3/31_stop
1201  27.05501733  031.00059698 both 46 !3/31_start
1201  27.05476669  031.00092977 both 47 unnamed entity(split)
1201  27.05403826  031.00189947 both 48 unnamed entity(split)
1201  27.04972149  031.00767516 both 49 unnamed entity(split)
1201  27.04919923  031.00836339 both 50 unnamed entity(split)
1201  27.03855999  031.02261726 both 51 unnamed entity(split)
1201  27.03837695  031.02286603 both 52 unnamed entity(split)
1201  27.03829725  031.02295747 both 53 unnamed entity(split)
1202 0 51 twoway taxiway_D 31
1204 departure 13,31
1204 arrival 13,31
1202 52 0 twoway taxiway_D 31
1204 departure 13,31
1204 arrival 13,31
1202 53 52 twoway taxiway_D 31
1204 departure 13,31
1204 arrival 13,31
1202 1 53 twoway taxiway_D 31
1204 departure 13,31
1204 arrival 13,31
1202 2 1 twoway taxiway_D 31
1204 departure 13,31
1204 arrival 13,31
1202 3 2 twoway taxiway_D 31
1204 departure 13,31
1204 arrival 13,31
1202 4 3 twoway taxiway_D 31
1204 departure 13,31
1204 arrival 13,31
1202 5 4 twoway taxiway_D 31
1204 departure 13,31
1204 arrival 13,31
1202 6 5 twoway taxiway_D 31
1204 departure 13,31
1204 arrival 13,31
1202 7 6 twoway taxiway_D 31
1204 departure 13,31
1204 arrival 13,31
1202 8 7 twoway taxiway_D 31
1204 departure 13,31
1204 arrival 13,31
1202 9 8 twoway taxiway_D 31
1204 departure 13,31
1204 arrival 13,31
1202 10 9 twoway taxiway_D 31
1204 departure 13,31
1204 arrival 13,31
1202 11 10 twoway taxiway_D 31
1204 departure 13,31
1204 arrival 13,31
1202 52 11 twoway taxiway_D 31
1204 departure 13,31
1204 arrival 13,31
1202 12 47 twoway taxiway_D 13
1204 departure 13,31
1204 arrival 13,31
1202 13 12 twoway taxiway_D 13
1204 departure 13,31
1204 arrival 13,31
1202 14 13 twoway taxiway_D 13
1204 departure 13,31
1204 arrival 13,31
1202 15 14 twoway taxiway_D 13
1204 departure 13,31
1204 arrival 13,31
1202 16 15 twoway taxiway_D 13
1204 departure 13,31
1204 arrival 13,31
1202 17 16 twoway taxiway_D 13
1204 departure 13,31
1204 arrival 13,31
1202 18 17 twoway taxiway_D 13
1204 departure 13,31
1204 arrival 13,31
1202 19 18 twoway taxiway_D 13
1204 departure 13,31
1204 arrival 13,31
1202 48 19 twoway taxiway_D 13
1204 departure 13,31
1204 arrival 13,31
1202 20 43 twoway taxiway_D D
1202 21 43 twoway taxiway_D D
1202 22 21 twoway taxiway_D D
1202 23 22 twoway taxiway_D D
1202 24 23 twoway taxiway_D D
1202 25 24 twoway taxiway_D D
1202 26 25 twoway taxiway_D D
1202 27 44 twoway taxiway_D A
1202 28 27 twoway taxiway_D A
1202 29 28 twoway taxiway_D A
1202 33 29 twoway taxiway_D A
1202 30 32 twoway taxiway_D G
1202 36 30 twoway taxiway_D G
1202 32 31 twoway taxiway_D 1
1202 38 32 twoway taxiway_D 1
1202 43 38 twoway taxiway_D 1
1202 34 33 twoway taxiway_D G
1202 35 34 twoway taxiway_D G
1202 36 35 twoway taxiway_D G
1202 37 36 twoway taxiway_D G
1202 38 37 twoway taxiway_D G
1202 39 50 twoway taxiway_D D
1204 departure 13,31
1204 arrival 13,31
1202 41 39 twoway taxiway_D D
1204 departure 13,31
1204 arrival 13,31
1202 40 49 twoway taxiway_D D
1204 departure 13,31
1204 arrival 13,31
1202 41 40 twoway taxiway_D D
1204 departure 13,31
1204 arrival 13,31
1202 42 41 twoway taxiway_D D
1204 departure 13,31
1204 arrival 13,31
1202 43 44 twoway taxiway_D D
1202 44 42 twoway taxiway_D D
1202 46 47 twoway runway 13/31
1204 departure 13,31
1204 arrival 13,31
1204 ils 13,31
1202 47 48 twoway runway 13/31
1204 departure 13,31
1204 arrival 13,31
1204 ils 13,31
1202 48 49 twoway runway 13/31
1204 departure 13,31
1204 arrival 13,31
1204 ils 13,31
1202 49 50 twoway runway 13/31
1204 departure 13,31
1204 arrival 13,31
1204 ils 13,31
1202 50 51 twoway runway 13/31
1204 departure 13,31
1204 arrival 13,31
1204 ils 13,31
1202 51 52 twoway runway 13/31
1204 departure 13,31
1204 arrival 13,31
1204 ils 13,31
1202 52 53 twoway runway 13/31
1204 departure 13,31
1204 arrival 13,31
1204 ils 13,31
1202 53 45 twoway runway 13/31
1204 departure 13,31
1204 arrival 13,31
1204 ils 13,31
99
