I
1100 Generated by WorldEditor 1.6.0r1

1    252 1 0 HEMA Marsa Alam
1302 city Marsa Alam
1302 country Egypt
1302 datum_lat 25.558055556
1302 datum_lon 34.583055556
1302 faa_code 
1302 iata_code RMF
1302 icao_code HEMA
1302 region_code HE
1302 state Red Sea Governorate
1302 transition_alt 9500
1302 transition_level 11000
100 45.00 1 0 0.25 0 2 0 15  25.57073397  034.57517699    0  120 3 9 0 0 33  25.54542023  034.59138867    0  120 3 5 0 0
120  Line from DSF lib/airport/lines/54_double_hold_b.lin 
111  25.550579170  34.589127082 54
113  25.550825037  34.588971023
120  Line from DSF lib/airport/lines/4_double_hold.lin 
111  25.554891015  34.586361614 4
113  25.555136481  34.586203358
120  Line from DSF lib/airport/lines/4_double_hold.lin 
111  25.545821959  34.592152777 4
113  25.546041677  34.592017404
120  Line from DSF lib/airport/lines/20_road_edge.lin 
111  25.558431534  34.590211772 20
112  25.558424239  34.590252388  25.558399359  34.590269336 20
111  25.558387727  34.590241813 20
112  25.558394216  34.590201081  25.558414648  34.590187214 20
111  25.558394216  34.590201081 20
112  25.558394216  34.590201081  25.558402606  34.590195387 20
112  25.558417018  34.590197230  25.558423026  34.590199968 20
111  25.558417018  34.590197230 20
114  25.558417018  34.590197230  25.558425642  34.590201160 20
120  Line from DSF lib/airport/lines/20_road_edge.lin 
111  25.558716442  34.590032388 20
112  25.558710465  34.590073834  25.558685585  34.590090782 20
111  25.558673631  34.590062278 20
112  25.558680442  34.590022528  25.558700874  34.590008661 20
111  25.558680442  34.590022528 20
112  25.558680442  34.590022528  25.558688832  34.590016834 20
112  25.558703244  34.590018676  25.558709252  34.590021414 20
111  25.558703244  34.590018676 20
114  25.558703244  34.590018676  25.558711868  34.590022606 20
120  Line from DSF lib/airport/lines/20_road_edge.lin 
111  25.557948138  34.584753817 20
113  25.558044803  34.584698334
120  Line from DSF lib/airport/lines/3_double_taxi.lin 
111  25.546022801  34.591959245 3
111  25.545932966  34.591737422 3
111  25.546103935  34.591638268 3
113  25.546390844  34.591026162
120  Line from DSF lib/airport/lines/3_double_taxi.lin 
111  25.545809616  34.592130164 3
113  25.545530091  34.591577710
120  Line from DSF lib/airport/lines/20_road_edge.lin 
111  25.552201854  34.592133178 20
113  25.557081738  34.589009534
120  Line from DSF lib/airport/lines/3_double_taxi.lin 
111  25.560388518  34.582064310 3
111  25.561014783  34.582093920 3
111  25.561406570  34.581847167 3
113  25.561236005  34.581514278
120  Line from DSF lib/airport/lines/3_double_taxi.lin 
111  25.568080914  34.577130921 3
111  25.568711335  34.577162508 3
111  25.569110245  34.576909817 3
113  25.568941784  34.576583385
120  Line from DSF lib/airport/lines/3_double_taxi.lin 
111  25.569957132  34.575932239 3
111  25.570601799  34.575959878 3
111  25.571000710  34.575703234 3
113  25.570836872  34.575371571
120  Line from DSF lib/airport/lines/51_single_taxi_b.lin 
111  25.545267570  34.591223391 51
113  25.545355837  34.591247188
120  Line from DSF lib/airport/lines/51_single_taxi_b.lin 
111  25.545464383  34.591612070 51
113  25.545495395  34.591511595
120  Line from DSF lib/airport/lines/51_single_taxi_b.lin 
111  25.545030201  34.591374104 51
111  25.545309318  34.591454748 51
113  25.545223436  34.591761459
120  Line from DSF lib/airport/lines/51_single_taxi_b.lin 
111  25.544994417  34.591912170 51
111  25.545071949  34.591605459 51
113  25.544792833  34.591523494
120  Line from DSF lib/airport/lines/51_single_taxi_b.lin 
111  25.544672360  34.591705934 51
111  25.544839352  34.591752205 51
113  25.544794026  34.591939933
120  Line from DSF lib/airport/lines/51_single_taxi_b.lin 
111  25.570759926  34.575242328 51
113  25.570860983  34.575270795
120  Line from DSF lib/airport/lines/51_single_taxi_b.lin 
111  25.570727620  34.575014596 51
113  25.570696144  34.575122952
120  Line from DSF lib/airport/lines/51_single_taxi_b.lin 
111  25.570967010  34.574864916 51
111  25.570908198  34.575069693 51
113  25.571102029  34.575123871
120  Line from DSF lib/airport/lines/51_single_taxi_b.lin 
111  25.571208056  34.574711564 51
111  25.571150072  34.574919095 51
113  25.571335620  34.574972355
120  Line from DSF lib/airport/lines/51_single_taxi_b.lin 
111  25.571401059  34.574728093 51
111  25.571386977  34.574773089 51
113  25.571431707  34.574779516
110  1 0.00 0.0000 Polygon from DSF lib/airport/pavement/asphalt_1D.pol 
111  25.554404268  34.585968904 
112  25.554568567  34.586055565  25.554635364  34.586146793 
111  25.555051617  34.586783765 
111  25.555667494  34.587932489 
111  25.555954546  34.588639439 
112  25.555896146  34.588932639  25.555743276  34.589046873 
111  25.555327401  34.589397799 
111  25.552989245  34.590879447 
111  25.552553843  34.591100168 
111  25.552311704  34.591208581 
112  25.552011117  34.590987789  25.551829811  34.590675770 
111  25.551703373  34.590522406 
111  25.551028197  34.589227221 
111  25.550748222  34.588536135 
112  25.550738401  34.588423805  25.550743233  34.588371778 
111  25.550785098  34.588294105 
111  25.550086666  34.588749184 
112  25.550282590  34.588849986  25.550383978  34.588998060 
111  25.550763457  34.589603083 
112  25.550715744  34.589983847  25.550496268  34.590159686 
111  25.550061233  34.590494385 
111  25.547408527  34.592183937 
111  25.546766244  34.592542669 
112  25.546444186  34.592531563  25.546331108  34.592372917 
111  25.546202285  34.592190475 
111  25.546093361  34.591908876 
111  25.545731880  34.592146748 
111  25.546113821  34.592829194 
112  25.546812901  34.592989109  25.547154711  34.592794927 
111  25.550259311  34.590796955 
111  25.550966704  34.590421369 
112  25.551246368  34.590540449  25.551353721  34.590738764 
111  25.552163536  34.592278393 
111  25.552247560  34.592218384 
111  25.557126079  34.589096766 
111  25.557212338  34.589042428 
111  25.556906071  34.588469493 
112  25.556756970  34.588390163  25.556640075  34.588420573 
112  25.556439684  34.588343887  25.556334717  34.588183905 
111  25.556003594  34.587710839 
111  25.555386378  34.586529815 
111  25.555040101  34.585734755 
112  25.555033468  34.585655965  25.555035125  34.585613730 
113  25.555075834  34.585530825
110  1 0.00 0.0000 Polygon from DSF lib/airport/pavement/asphalt_3D.pol 
111  25.558066083  34.591174312 
112  25.558109450  34.591052718  25.558176630  34.591005330 
111  25.558497873  34.590802240 
112  25.558574825  34.590821195  25.558605361  34.590876706 
111  25.558732392  34.591109584 
111  25.558779707  34.591065687 
111  25.558629790  34.590790054 
112  25.558461229  34.590758914  25.558342748  34.590818487 
111  25.558060591  34.591003977 
112  25.558012594  34.591006920  25.557988870  34.591005052 
111  25.558012594  34.591006920 
112  25.558012594  34.591006920  25.557998568  34.591005816 
112  25.557962754  34.590977767  25.557954241  34.590969620 
111  25.557962754  34.590977767 
114  25.557962754  34.590977767  25.557958931  34.590973976 
110  1 0.00 0.0000 Polygon from DSF lib/airport/pavement/asphalt_3D.pol 
111  25.552184936  34.593853117 
112  25.552184936  34.593853117  25.552128749  34.593758346 
111  25.552144628  34.593647329 
112  25.552192638  34.593447220  25.552229112  34.593293969 
111  25.552304605  34.593267644 
111  25.552593740  34.593085908 
111  25.552551116  34.593005900 
112  25.552267781  34.593185828  25.552148689  34.593265932 
111  25.552146654  34.593317831 
112  25.552063187  34.593632605  25.552031633  34.593771377 
111  25.552088634  34.593848096 
111  25.552501863  34.594572371 
113  25.552552029  34.594540398
110  1 0.00 0.0000 Polygon from DSF lib/airport/pavement/asphalt_3D.pol 
111  25.557275335  34.590086901 
112  25.557345866  34.590087023  25.557368839  34.590087676 
111  25.557345866  34.590087023 
112  25.557345866  34.590087023  25.557356418  34.590087323 
112  25.557393823  34.590112999  25.557406878  34.590126297 
111  25.557393823  34.590112999 
112  25.557393823  34.590112999  25.557409191  34.590128653 
111  25.557421967  34.590146234 
111  25.558132626  34.591473663 
111  25.558198585  34.591424921 
112  25.558066083  34.591174312  25.557993714  34.591037059 
111  25.558066083  34.591174312 
112  25.558066083  34.591174312  25.558032677  34.591110956 
112  25.557962754  34.590977767  25.557928844  34.590913026 
111  25.557962754  34.590977767 
112  25.557962754  34.590977767  25.557889264  34.590837462 
112  25.557819869  34.590698651  25.557814085  34.590682732 
111  25.557819869  34.590698651 
112  25.557819869  34.590698651  25.557805634  34.590659475 
111  25.557882729  34.590610542 
111  25.557848977  34.590532750 
112  25.557793342  34.590559397  25.557753475  34.590575381 
111  25.557728028  34.590524608 
111  25.557530484  34.590127805 
112  25.557482116  34.590018141  25.557469157  34.589979618 
113  25.557543566  34.589908183
110  1 0.00 0.0000 Polygon from DSF lib/airport/pavement/asphalt_3D.pol 
111  25.557125942  34.589096766 
111  25.557515444  34.589823544 
111  25.552631030  34.592952951 
111  25.552247560  34.592218384 
111  25.552163536  34.592278393 
111  25.552551116  34.593005900 
111  25.552593740  34.593085908 
111  25.552674499  34.593034174 
111  25.557275335  34.590086901 
112  25.557543566  34.589908183  25.557565552  34.589890311 
111  25.557615044  34.589883514 
111  25.557651980  34.589731116 
112  25.557628689  34.589731257  25.557602306  34.589732882 
111  25.557558675  34.589689941 
113  25.557212338  34.589042428
110  1 0.00 0.0000 Polygon from DSF lib/airport/pavement/asphalt_3D.pol 
111  25.558732392  34.591109584 
112  25.558732392  34.591109584  25.558737274  34.591119780 
112  25.558747399  34.591163909  25.558745150  34.591178386 
111  25.558747399  34.591163909 
112  25.558747399  34.591163909  25.558743410  34.591189587 
111  25.558731263  34.591214943 
112  25.558355274  34.591445806  25.558240409  34.591508488 
111  25.558198585  34.591424921 
111  25.558132626  34.591473663 
112  25.558139130  34.591485556  25.558146493  34.591500519 
111  25.558145482  34.591506803 
111  25.558092959  34.591602933 
111  25.558325036  34.592090350 
111  25.558780639  34.591807377 
111  25.558719566  34.591674691 
111  25.559534278  34.591173732 
111  25.559336402  34.590828476 
112  25.558962274  34.591066463  25.558875330  34.591122877 
113  25.558779707  34.591065687
110  1 0.00 0.0000 Polygon from DSF lib/airport/pavement/asphalt_3D.pol 
111  25.557651980  34.589731116 
111  25.557791546  34.589777300 
111  25.559512177  34.588540350 
113  25.559463645  34.588415403
110  1 0.00 0.0000 Polygon from DSF lib/airport/pavement/asphalt_3D.pol 
111  25.559577881  34.588335514 
111  25.559463645  34.588415403 
111  25.559512177  34.588540350 
111  25.559518170  34.588555780 
111  25.559521688  34.588670812 
112  25.559324692  34.589530621  25.559307103  34.589610558 
111  25.559199810  34.589674897 
112  25.558427654  34.590170113  25.558281666  34.590271495 
111  25.558200756  34.590164264 
112  25.558060045  34.589903011  25.558026626  34.589844521 
111  25.557812040  34.589784082 
111  25.557791546  34.589777300 
111  25.557651980  34.589731116 
111  25.557615044  34.589883514 
112  25.557914056  34.589961500  25.557991447  34.589984896 
111  25.558014313  34.590021939 
112  25.558107535  34.590201308  25.558162061  34.590326086 
111  25.558056527  34.590400173 
111  25.557848977  34.590532750 
111  25.557882729  34.590610542 
112  25.559363740  34.589670561  25.559398918  34.589629618 
111  25.559429667  34.589450870 
111  25.559542237  34.588965400 
112  25.559595435  34.588743859  25.559639204  34.588549793 
113  25.559683455  34.588537945
110  1 0.00 0.0000 Polygon from DSF lib/airport/pavement/asphalt_3D.pol 
111  25.559720382  34.588515129 
111  25.559877273  34.588814179 
111  25.560211137  34.588624625 
111  25.560058747  34.588306033 
113  25.560029941  34.588323866
110  1 0.00 0.0000 Polygon from DSF lib/airport/pavement/asphalt_3D.pol 
111  25.560805678  34.588504686 
111  25.560702837  34.588289889 
111  25.560454343  34.588441022 
111  25.560400292  34.588474640 
111  25.560375513  34.588490319 
113  25.560484598  34.588710235
110  1 0.00 0.0000 Polygon from DSF lib/airport/pavement/asphalt_3D.pol 
111  25.559724696  34.588138063 
112  25.559727387  34.588205535  25.559722990  34.588265650 
111  25.559577881  34.588335514 
111  25.559683455  34.588537945 
111  25.559720382  34.588515129 
111  25.560029941  34.588323866 
111  25.559981083  34.588203138 
112  25.560115443  34.588070044  25.560165278  34.588034300 
111  25.560209251  34.588104164 
111  25.560400292  34.588474640 
111  25.560454343  34.588441022 
112  25.560295730  34.588115538  25.560238566  34.588005055 
111  25.560288401  34.587967685 
112  25.560705407  34.587703662  25.560806788  34.587633256 
111  25.560878853  34.587745634 
112  25.561019321  34.588019136  25.561031870  34.588046082 
111  25.561019321  34.588019136 
112  25.561019321  34.588019136  25.561027602  34.588036918 
112  25.561017781  34.588084999  25.561010404  34.588112686 
111  25.561017781  34.588084999 
112  25.561017781  34.588084999  25.561013980  34.588099267 
112  25.561003442  34.588134223  25.560997255  34.588152188 
111  25.561003442  34.588134223 
112  25.561003442  34.588134223  25.560993670  34.588188382 
111  25.560955805  34.588147763 
111  25.560931376  34.588107144 
111  25.560816601  34.588180021 
111  25.560865091  34.588282565 
111  25.561018099  34.588354920 
111  25.561051079  34.588337319 
111  25.561027871  34.588279098 
112  25.561059629  34.588116622  25.561074286  34.588032676 
111  25.561047414  34.587970393 
111  25.560871525  34.587614300 
111  25.562040691  34.586857049 
111  25.562012316  34.586802816 
112  25.559957440  34.588105293  25.559867527  34.588167349 
113  25.559818504  34.588074698
110  1 0.00 0.0000 Polygon from DSF lib/airport/pavement/asphalt_3D.pol 
111  25.557068217  34.584277116 
112  25.557323209  34.584287492  25.557463168  34.584318519 
112  25.557654868  34.584420064  25.557707458  34.584458613 
111  25.557915118  34.584673467 
111  25.557948138  34.584753817 
111  25.559724696  34.588138063 
111  25.559818504  34.588074698 
111  25.558044803  34.584698334 
112  25.557932190  34.584215993  25.557938053  34.583980409 
112  25.558017203  34.583769196  25.558045052  34.583705832 
111  25.558101003  34.583619091 
111  25.557964887  34.583710608 
112  25.557875643  34.584035178  25.557863768  34.584199719 
111  25.557888366  34.584420674 
111  25.557614183  34.583923859 
111  25.557554307  34.583970316 
111  25.557805170  34.584424170 
112  25.557576047  34.584291920  25.557447115  34.584226104 
112  25.557272379  34.584203539  25.557246084  34.584200718 
113  25.557203720  34.584196779
110  1 0.00 0.0000 Polygon from DSF lib/airport/pavement/asphalt_1D.pol 
111  25.555949953  34.591037363 
112  25.556198094  34.591485472  25.556268616  34.591605220 
111  25.556184590  34.591645136 
112  25.555382072  34.592153495  25.555303055  34.592209319 
111  25.555271795  34.592129433 
111  25.555007519  34.591647453 
111  25.554965013  34.591673375 
112  25.555245189  34.592195737  25.555268103  34.592247203 
111  25.555203582  34.592277761 
112  25.554448759  34.592751759  25.554339350  34.592822019 
111  25.554297671  34.592716147 
111  25.554062640  34.592245193 
111  25.553981250  34.592297280 
112  25.554256860  34.592809507  25.554345429  34.592978902 
111  25.554542734  34.592848691 
111  25.554592849  34.592927556 
111  25.556388732  34.591825384 
111  25.556442564  34.591793198 
113  25.556030049  34.590986103
110  1 0.00 0.0000 Polygon from DSF lib/airport/pavement/concrete_6L.pol 
111  25.567472828  34.578332777 
112  25.567393233  34.578420730  25.567393899  34.578505606 
111  25.567470831  34.578502824 
111  25.567471630  34.578481568 
112  25.567412540  34.578417778  25.567415203  34.578367222 
113  25.567472828  34.578351376
110  1 0.00 0.0000 Polygon from DSF lib/airport/pavement/concrete_6L.pol 
111  25.567471630  34.578481568 
111  25.567470831  34.578502824 
112  25.567549926  34.578418686  25.567552323  34.578339419 
111  25.567472828  34.578332777 
111  25.567472828  34.578351376 
114  25.567532349  34.578418686  25.567531151  34.578482896 
110  1 0.00 0.0000 Polygon from DSF lib/airport/pavement/concrete_6L.pol 
111  25.549569760  34.589811919 
112  25.549569760  34.589811919  25.549570011  34.589811919 
112  25.549589452  34.589815126  25.549599281  34.589818227 
111  25.549589452  34.589815126 
112  25.549589452  34.589815126  25.549598177  34.589817878 
112  25.549612020  34.589827448  25.549617141  34.589831520 
111  25.549612020  34.589827448 
112  25.549612020  34.589827448  25.549622909  34.589836107 
112  25.549631195  34.589874415  25.549631668  34.589901178 
112  25.549608705  34.589927154  25.549593081  34.589945783 
111  25.549608705  34.589927154 
112  25.549608705  34.589927154  25.549602952  34.589934014 
112  25.549589432  34.589939015  25.549583164  34.589941036 
111  25.549589432  34.589939015 
112  25.549589432  34.589939015  25.549578677  34.589942483 
111  25.549569897  34.589941601 
112  25.549569897  34.589960870  25.549569862  34.589960958 
111  25.549569897  34.589960870 
112  25.549569897  34.589960870  25.549572167  34.589960641 
112  25.549600428  34.589953723  25.549613739  34.589947215 
111  25.549600428  34.589953723 
112  25.549600428  34.589953723  25.549609110  34.589949478 
112  25.549628064  34.589932429  25.549637618  34.589923629 
111  25.549628064  34.589932429 
112  25.549628064  34.589932429  25.549652267  34.589910137 
112  25.549647835  34.589861774  25.549647835  34.589850439 
112  25.549624996  34.589813790  25.549607270  34.589790364 
113  25.549569964  34.589791905
110  1 0.00 0.0000 Polygon from DSF lib/airport/pavement/concrete_6L.pol 
111  25.549529332  34.589830140 
112  25.549529332  34.589830140  25.549538877  34.589812004 
111  25.549569760  34.589811919 
111  25.549569964  34.589791905 
112  25.549524900  34.589808981  25.549500697  34.589829006 
112  25.549494561  34.589873969  25.549493197  34.589895883 
112  25.549518423  34.589941601  25.549538535  34.589962004 
111  25.549569897  34.589960870 
111  25.549569897  34.589941601 
112  25.549530013  34.589923087  25.549509219  34.589903062 
111  25.549511606  34.589875102 
112  25.549519105  34.589847868  25.549524501  34.589834275 
111  25.549519105  34.589847868 
114  25.549519105  34.589847868  25.549521668  34.589841411 
110  1 0.00 0.0000 Polygon from DSF lib/airport/pavement/concrete_6L.pol 
111  25.558689695  34.590032330 
111  25.558695083  34.590042236 
111  25.558690817  34.590045614 
111  25.558685029  34.590035930 
111  25.558678932  34.590040209 
111  25.558696408  34.590068809 
111  25.558701888  34.590064867 
111  25.558695189  34.590052939 
111  25.558699045  34.590050006 
111  25.558706560  34.590062617 
111  25.558712858  34.590058114 
113  25.558695487  34.590027939
110  1 0.00 0.0000 Polygon from DSF lib/airport/pavement/concrete_6L.pol 
111  25.558404277  34.590211062 
111  25.558409665  34.590220968 
111  25.558405399  34.590224346 
111  25.558399611  34.590214661 
111  25.558393514  34.590218941 
111  25.558410990  34.590247540 
111  25.558416470  34.590243598 
111  25.558409771  34.590231670 
111  25.558413627  34.590228737 
111  25.558421142  34.590241348 
111  25.558427441  34.590236846 
113  25.558410069  34.590206670
110  1 0.00 0.0000 Polygon from DSF lib/airport/pavement/asphalt_6D.pol 
111  25.552674499  34.593034174 
111  25.552712590  34.593109189 
111  25.553981250  34.592297280 
111  25.554021386  34.592271594 
111  25.554062640  34.592245193 
111  25.554962295  34.591669437 
111  25.554983848  34.591655644 
111  25.555004699  34.591642300 
111  25.555949953  34.591037363 
111  25.555994381  34.591008930 
111  25.556030049  34.590986103 
111  25.557314054  34.590164375 
113  25.557275335  34.590086901
110  1 0.00 0.0000 Polygon from DSF lib/airport/pavement/asphalt_1D.pol 
111  25.557616357  34.596520137 
111  25.557443936  34.596625016 
111  25.557467616  34.596667906 
113  25.557644491  34.596569600
110  1 0.00 0.0000 Polygon from DSF lib/airport/pavement/asphalt_1D.pol 
111  25.557820061  34.593787749 
112  25.557820061  34.593787749  25.557821260  34.593791121 
112  25.557827316  34.593808555  25.557828371  34.593812101 
111  25.557827316  34.593808555 
112  25.557827316  34.593808555  25.557865655  34.593937412 
111  25.557808518  34.594168528 
112  25.557486315  34.595493538  25.557337252  34.596081251 
111  25.557486315  34.595493538 
112  25.557486315  34.595493538  25.557350158  34.596030368 
112  25.557588423  34.596473371  25.557624573  34.596535161 
111  25.557588423  34.596473371 
112  25.557588423  34.596473371  25.557589677  34.596475514 
112  25.557616357  34.596520137  25.557625799  34.596536344 
111  25.557616357  34.596520137 
112  25.557616357  34.596520137  25.557632720  34.596548222 
111  25.557644491  34.596569600 
112  25.557704323  34.596528130  25.557703582  34.596526901 
111  25.557704323  34.596528130 
112  25.557704323  34.596528130  25.557705902  34.596529703 
112  25.557638275  34.596396979  25.557637198  34.596394966 
111  25.557638275  34.596396979 
112  25.557638275  34.596396979  25.557408439  34.595967322 
111  25.557553653  34.595483714 
112  25.557840156  34.594296743  25.557938273  34.593844977 
113  25.557867233  34.593754633
110  1 0.00 0.0000 Polygon from DSF lib/airport/pavement/asphalt_1D.pol 
111  25.555143064  34.595089973 
112  25.555136001  34.595093069  25.555136042  34.595091338 
111  25.555136001  34.595093069 
112  25.555136001  34.595093069  25.555129630  34.595096158 
112  25.555070696  34.595124120  25.555029263  34.595148518 
111  25.555070696  34.595124120 
112  25.555070696  34.595124120  25.554986835  34.595173502 
111  25.555023524  34.595279528 
112  25.555117868  34.595468341  25.555210901  34.595651345 
111  25.555413281  34.595710016 
112  25.556835606  34.596122861  25.557241284  34.596250094 
111  25.557411726  34.596705184 
111  25.557467566  34.596667512 
112  25.557443936  34.596625016  25.557423970  34.596589016 
111  25.557443936  34.596625016 
112  25.557443936  34.596625016  25.557423672  34.596588480 
112  25.557319556  34.596400198  25.557252495  34.596278839 
111  25.557319556  34.596400198 
112  25.557319556  34.596400198  25.557186418  34.596159259 
111  25.556784288  34.596020718 
112  25.555413065  34.595607215  25.555300595  34.595572115 
111  25.555261285  34.595520070 
112  25.555158643  34.595371198  25.555058184  34.595225957 
113  25.555179341  34.595152884
110  1 0.00 0.0000 Polygon from DSF lib/airport/pavement/asphalt_1D.pol 
111  25.555696521  34.593484876 
111  25.555478285  34.593075596 
111  25.555429226  34.593100694 
113  25.555654960  34.593511924
110  1 0.00 0.0000 Polygon from DSF lib/airport/pavement/asphalt_1D.pol 
111  25.556074226  34.593240581 
111  25.555849999  34.592803704 
111  25.555791506  34.592824619 
113  25.556025516  34.593272086
110  1 0.00 0.0000 Polygon from DSF lib/airport/pavement/asphalt_1D.pol 
111  25.557084867  34.593615509 
112  25.557131317  34.593709185  25.557169535  34.593787858 
111  25.557119306  34.593822959 
112  25.556859424  34.593989989  25.556799367  34.594031141 
111  25.556779713  34.593998462 
111  25.556712753  34.593853510 
111  25.556658001  34.593888529 
112  25.556709828  34.593989989  25.556739310  34.594050507 
111  25.556706815  34.594081395 
112  25.556278660  34.594360468  25.556180840  34.594423507 
111  25.556133489  34.594224002 
111  25.556021735  34.594295479 
112  25.556077713  34.594383162  25.556120177  34.594450404 
111  25.556060272  34.594505038 
111  25.555143064  34.595089973 
111  25.555179341  34.595152884 
112  25.557606216  34.593601256  25.557702132  34.593545482 
111  25.557744586  34.593637857 
111  25.557820061  34.593787749 
111  25.557867233  34.593754633 
112  25.557755791  34.593527730  25.557705999  34.593436226 
111  25.557641792  34.593475442 
112  25.557270429  34.593727096  25.557202183  34.593774166 
113  25.557130214  34.593586505
110  1 0.00 0.0000 Polygon from DSF lib/airport/pavement/asphalt_1D.pol 
111  25.554671518  34.594147781 
111  25.555066041  34.594906733 
111  25.556021735  34.594295479 
111  25.556133489  34.594224002 
111  25.556658001  34.593888529 
111  25.556712753  34.593853510 
111  25.557084867  34.593615509 
111  25.557130214  34.593586505 
111  25.557175882  34.593557296 
111  25.556773508  34.592788293 
111  25.556074226  34.593240581 
111  25.556025516  34.593272086 
111  25.555696521  34.593484876 
113  25.555654960  34.593511924
110  1 0.00 0.0000 Polygon from DSF lib/airport/pavement/concrete_6L.pol 
111  25.557302219  34.589427001 
111  25.557230474  34.589729251 
111  25.557253803  34.589774593 
111  25.557134476  34.589852244 
111  25.557104919  34.589804897 
111  25.556786905  34.589710212 
111  25.556700391  34.590066272 
111  25.556725999  34.590108556 
111  25.556608230  34.590190942 
111  25.556580653  34.590142392 
111  25.556263442  34.590049744 
111  25.556174733  34.590406641 
111  25.556199687  34.590452504 
111  25.556077450  34.590525299 
111  25.556046291  34.590474289 
111  25.555719303  34.590385118 
111  25.555645883  34.590642291 
111  25.555685468  34.590711169 
111  25.555611926  34.590756528 
111  25.555571046  34.590684116 
111  25.555313924  34.590622299 
111  25.555216763  34.591030765 
111  25.555231986  34.591062476 
111  25.555166997  34.591109165 
111  25.555141643  34.591071847 
111  25.554821905  34.590979113 
111  25.554762451  34.591205151 
111  25.554794439  34.591278594 
111  25.554736238  34.591323258 
111  25.554680786  34.591245302 
111  25.554479500  34.591211331 
111  25.554404121  34.591566655 
111  25.554415718  34.591595118 
111  25.554346137  34.591633680 
111  25.554326445  34.591608363 
111  25.553953179  34.591501647 
111  25.553889563  34.591771582 
111  25.553927335  34.591842096 
111  25.553859742  34.591887268 
111  25.553813024  34.591809043 
111  25.553544643  34.591739631 
111  25.553445242  34.592152795 
111  25.553467111  34.592196866 
111  25.553355782  34.592268481 
111  25.553325962  34.592218902 
111  25.552994958  34.592127454 
111  25.552905567  34.592497699 
111  25.552929793  34.592543922 
111  25.552815044  34.592616639 
111  25.552784229  34.592567059 
111  25.552369113  34.592451228 
111  25.552375458  34.592463383 
111  25.552780253  34.592582484 
111  25.552812062  34.592632064 
111  25.552947246  34.592550533 
111  25.552916432  34.592491037 
111  25.553004898  34.592143980 
111  25.553320992  34.592234326 
111  25.553352800  34.592285007 
111  25.553486991  34.592202374 
111  25.553458508  34.592145230 
111  25.553555577  34.591755054 
111  25.553808054  34.591822263 
111  25.553856760  34.591901590 
111  25.553944233  34.591845400 
111  25.553901491  34.591766072 
111  25.553963119  34.591515969 
111  25.554319734  34.591618953 
111  25.554339614  34.591650905 
111  25.554433051  34.591596918 
111  25.554416487  34.591562677 
111  25.554492031  34.591225532 
111  25.554673934  34.591259687 
111  25.554735562  34.591341219 
111  25.554811369  34.591284691 
111  25.554772603  34.591199854 
111  25.554829261  34.590996023 
111  25.555135415  34.591085268 
111  25.555164241  34.591122729 
111  25.555245749  34.591066538 
111  25.555228851  34.591029077 
111  25.555322287  34.590634637 
111  25.555567807  34.590696337 
111  25.555609555  34.590773462 
111  25.555700009  34.590716169 
111  25.555656273  34.590637942 
111  25.555729829  34.590397751 
111  25.556042941  34.590488098 
111  25.556074749  34.590542086 
111  25.556214225  34.590454849 
111  25.556183411  34.590400861 
111  25.556271877  34.590062609 
111  25.556575049  34.590155160 
111  25.556604869  34.590204741 
111  25.556739060  34.590112190 
111  25.556710233  34.590062609 
111  25.556797706  34.589725457 
111  25.557101871  34.589815805 
111  25.557133165  34.589863754 
111  25.557265882  34.589778344 
111  25.557241032  34.589727661 
113  25.557309618  34.589440089
120  Line from DSF lib/airport/lines/20_road_edge.lin 
111  25.557130214  34.593586505 20
111  25.557175882  34.593557296 20
111  25.556773508  34.592788293 20
113  25.554671518  34.594147781
120  Line from DSF lib/airport/lines/20_road_edge.lin 
111  25.556712753  34.593853510 20
113  25.557084867  34.593615509
120  Line from DSF lib/airport/lines/20_road_edge.lin 
111  25.556133489  34.594224002 20
113  25.556658001  34.593888529
120  Line from DSF lib/airport/lines/20_road_edge.lin 
111  25.554671518  34.594147781 20
111  25.555066041  34.594906733 20
113  25.556021735  34.594295479
110  2 0.00 0.0000 Polygon from DSF lib/airport/Common_Elements/Misc_Buildings/Blue_Warehouse.fac 
111  25.559013628  34.591196449 
111  25.559091666  34.591339366 
111  25.559419084  34.591138154 
113  25.559339350  34.590984894
110  2 0.00 0.0000 Polygon from DSF lib/airport/Common_Elements/Misc_Buildings/Blue_Warehouse.fac 
111  25.558560787  34.591481326 
111  25.558642217  34.591633645 
111  25.558964885  34.591422655 
113  25.558891598  34.591280491
110  2 0.00 0.0000 Polygon from DSF lib/airport/Common_Elements/Misc_Buildings/Cargo_Terminal.fac 
111  25.558648200  34.591862904 
111  25.558553574  34.591669305 
111  25.558299114  34.591811668 
113  25.558391786  34.592015539
110  1 0.00 0.0000 Polygon from DSF lib/airport/Modern_Airports/Facades/modern2.fac 
111  25.554596577  34.592924488 
111  25.554879961  34.593277271 
111  25.555232508  34.593045926 
111  25.555338326  34.593182595 
111  25.556123097  34.592680838 
111  25.556068099  34.592506160 
111  25.556405487  34.592298657 
113  25.556287031  34.591888340
102 H2  25.55840997  034.59022668 328.16 7.00 6.60 15 0 0 0.00 1
102 H1  25.55869511  034.59004718  57.22 7.00 7.40 15 0 0 0.00 1
110 2 0.00 0.0000 Taxiway - Parking
111  25.55224756  034.59221838
111  25.55236911  034.59245123
111  25.55237546  034.59246338
111  25.55263103  034.59295295
111  25.55751544  034.58982354
113  25.55712594  034.58909677
110 1 0.00 0.0000 Taxiway Apron 
111  25.55606885  034.58868606 3 102
112  25.55607890  034.58880360  25.55607718  034.58893496 3 102
111  25.55598271  034.58899970 3 102
111  25.55537467  034.58949471 3 102
111  25.55304555  034.59097021 3 102
112  25.55244261  034.59126826  25.55217661  034.59140841 3 102
111  25.55205514  034.59122087
111  25.55181877  034.59141898 3 102
111  25.55224756  034.59221838
111  25.55712608  034.58909677 3 102
112  25.55685851  034.58858876  25.55682511  034.58854381 3 102
112  25.55664977  034.58855703  25.55651737  034.58860463 3 102
113  25.55638643  034.58847551 3
110 1 0.00 0.0000 Taxiway Charlie
111  25.55451146  034.58591418 3 102
112  25.55467344  034.58604687  25.55476791  034.58618204
111  25.55467344  034.58604687
112  25.55467344  034.58604687  25.55472067  034.58611445 3 102
112  25.55489101  034.58636161  25.55499858  034.58651845 3 102
111  25.55515094  034.58674178 3 102
111  25.55572167  034.58782792 3 102
111  25.55607190  034.58868330
111  25.55638643  034.58847551 3 102
111  25.55592350  034.58776212 3 102
111  25.55531504  034.58661066 3 102
111  25.55513648  034.58620336 3 102
111  25.55495421  034.58578820 3 102
114  25.55494967  034.58563457  25.55496399  034.58560760
110 1 0.00 0.0000 Taxiway Bravo
112  25.55021130  034.58867705  25.55025596  034.58867134 3 102
111  25.55034588  034.58877515 3 102
112  25.55057903  034.58912676  25.55068232  034.58928347 3 102
112  25.55085800  034.58956646  25.55095693  034.58973095
111  25.55085800  034.58956646
112  25.55085800  034.58956646  25.55091514  034.58966147 3 102
112  25.55091207  034.58981637  25.55090177  034.58988643
111  25.55091207  034.58981637
112  25.55091207  034.58981637  25.55090106  034.58989130 3 102
112  25.55083569  034.58997788  25.55079436  034.59002472
111  25.55083569  034.58997788
112  25.55083569  034.58997788  25.55080704  034.59000801 3 102
112  25.55074903  034.59005121  25.55072423  034.59007205
111  25.55074903  034.59005121
112  25.55074903  034.59005121  25.55072561  034.59007089 3 102
111  25.55070136  034.59008748
112  25.55085702  034.59041338  25.55085703  034.59041341
111  25.55085702  034.59041338
112  25.55085702  034.59041338  25.55085704  034.59041333 3 102
112  25.55087125  034.59040672  25.55087130  034.59040666
111  25.55087125  034.59040672
112  25.55087125  034.59040672  25.55087226  034.59040548 3 102
112  25.55098074  034.59035031  25.55099929  034.59034398
111  25.55098074  034.59035031
112  25.55098074  034.59035031  25.55099002  034.59034714 3 102
112  25.55101176  034.59033846  25.55102549  034.59033472
111  25.55101176  034.59033846
112  25.55101176  034.59033846  25.55102549  034.59033472 3 102
112  25.55106540  034.59032767  25.55108669  034.59032516
111  25.55106540  034.59032767
112  25.55106540  034.59032767  25.55124267  034.59028122 3 102
111  25.55135750  034.59054889 3 102
111  25.55181863  034.59141866
111  25.55205500  034.59122056 3 102
111  25.55157516  034.59049954 3 102
111  25.55098154  034.58936182 3 102
112  25.55082489  034.58897071  25.55075718  034.58879834 3 102
112  25.55068226  034.58860244  25.55065382  034.58853253
111  25.55068226  034.58860244
112  25.55068226  034.58860244  25.55062537  034.58846262 3 102
113  25.55066000  034.58838322
110 1 0.00 0.0000 Taxiway Alpha
111  25.54580962  034.59213016 3 102
111  25.54582196  034.59215278 3 102
112  25.54612267  034.59270901  25.54635352  034.59312707 3 102
111  25.54685026  034.59289405 3 102
111  25.55024130  034.59072422 3 102
111  25.55085702  034.59041338 102
111  25.55070136  034.59008748 3 102
111  25.55017748  034.59050487 3 102
111  25.54729235  034.59235175 3 102
112  25.54670491  034.59265558  25.54649467  034.59277438 3 102
111  25.54635658  034.59257106 3 102
111  25.54611461  034.59220015 3 102
111  25.54604168  034.59201740 3 102
113  25.54602280  034.59195924
110 1 0.00 0.0000 Taxiway (Runway)
111  25.54466919  034.59239207
111  25.54519744  034.59203309
111  25.54565242  034.59216638
111  25.54573188  034.59214675
111  25.54580962  034.59213016
111  25.54602280  034.59195924
111  25.54609217  034.59191020
111  25.54628072  034.59176601
111  25.54656437  034.59118532
111  25.54728288  034.59071541
111  25.54721817  034.59058681
111  25.55008684  034.58875274
111  25.55021144  034.58867737
111  25.55043606  034.58852520
111  25.55066014  034.58838353
111  25.55078528  034.58829766
111  25.55440445  034.58597246
111  25.55451146  034.58591418
111  25.55475221  034.58575820
111  25.55494967  034.58563457
111  25.55507601  034.58553438
111  25.55706822  034.58427712
111  25.55720372  034.58419678
111  25.55720639  034.58419520
111  25.55755431  034.58397032
111  25.55761418  034.58392386
111  25.55762125  034.58391838
111  25.55796489  034.58371061
111  25.55810100  034.58361909
111  25.56020260  034.58228239
111  25.56105410  034.58232394
111  25.56160211  034.58198139
111  25.56166667  034.58187260
111  25.56147546  034.58146365
111  25.56734335  034.57769911
111  25.56741419  034.57783232
111  25.56813062  034.57736622
111  25.56875398  034.57739471
111  25.56937571  034.57700451
111  25.56952448  034.57648092
111  25.57000981  034.57616759
111  25.57064762  034.57618408
111  25.57129659  034.57575118
111  25.57142303  034.57525438
111  25.57188295  034.57497654
111  25.57148073  034.57419240
111  25.56699860  034.57703404
111  25.56706759  034.57719189
111  25.54699873  034.59003115
111  25.54693830  034.58990406
113  25.54425301  034.59159782
130 Airport Boundary
111  25.54223757  034.59427072
111  25.54468954  034.59891562
111  25.55218627  034.59413303
111  25.55223760  034.59415034
111  25.55245627  034.59455843
111  25.55248923  034.59453743
111  25.55253727  034.59450681
111  25.55406289  034.59353448
111  25.55411421  034.59362352
111  25.55480818  034.59318327
111  25.55488405  034.59328962
111  25.55523438  034.59304970
111  25.55534818  034.59319069
111  25.55613141  034.59268365
111  25.55607785  034.59250556
111  25.55641033  034.59230274
111  25.55635009  034.59205788
111  25.55648174  034.59198368
111  25.55639248  034.59182538
111  25.55644631  034.59179320
111  25.55676067  034.59160525
111  25.55694364  034.59134307
111  25.55760414  034.59091764
111  25.55829364  034.59223103
111  25.55981101  034.59125897
111  25.55912596  034.58995299
111  25.56006762  034.58934453
111  25.55992481  034.58906750
111  25.56048835  034.58870673
111  25.56080943  034.58850118
111  25.56191076  034.58779614
111  25.56180589  034.58758094
111  25.56212721  034.58737069
111  25.56189961  034.58698978
111  25.57627703  034.57778927
111  25.57322714  034.57102026
111  25.57142814  034.57165843
111  25.53659464  034.59394708
111  25.53789913  034.59691243
113  25.53805337  034.59695516
120 Vehicle Centerline
111  25.55765944  034.59652016 22
112  25.55749800  034.59564144  25.55759989  034.59518215 22
111  25.55782179  034.59427109 22
112  25.55780759  034.59368045  25.55768305  034.59344704
111  25.55780759  034.59368045
112  25.55780759  034.59368045  25.55779049  034.59364841 22
112  25.55777128  034.59361539  25.55776124  034.59359687
111  25.55777128  034.59361539
112  25.55777128  034.59361539  25.55777147  034.59361591 22
111  25.55776577  034.59360596 22
112  25.55775836  034.59359216  25.55775458  034.59358377
111  25.55775836  034.59359216
112  25.55775836  034.59359216  25.55774388  034.59356001 22
112  25.55753879  034.59358718  25.55738465  034.59368221
111  25.55753879  034.59358718
112  25.55753879  034.59358718  25.55734443  034.59370701 22
111  25.55517266  034.59510798 22
112  25.55516365  034.59544493  25.55536565  034.59567853
111  25.55516365  034.59544493
112  25.55516365  034.59544493  25.55523283  034.59552494 22
112  25.55528989  034.59558549  25.55532184  034.59561225
111  25.55528989  034.59558549
112  25.55528989  034.59558549  25.55532184  034.59561225 22
112  25.55536950  034.59563313  25.55537838  034.59563426
111  25.55536950  034.59563313
112  25.55536950  034.59563313  25.55537776  034.59563597 22
111  25.55537872  034.59563621 22
111  25.55678857  034.59606031 22
112  25.55727854  034.59641104  25.55740590  034.59663936 22
115  25.55742005  034.59666028
120 Vehicle-Centerline
111  25.55599438  034.59100893 22
111  25.55625476  034.59150096 22
112  25.55622379  034.59168976  25.55612646  034.59175107 22
111  25.55451088  034.59278552 22
112  25.55427383  034.59275371  25.55419062  034.59259336 22
115  25.55402139  034.59227159
120 Vehicle-Centerline
111  25.55498385  034.59165564 22
115  25.55526895  034.59217891
120 Taxi-Line Bravo-AlphaConnection
111  25.55098427  034.58960164 1
115  25.55136565  034.59034276
120 Taxi-Line Runway15-Charlie
111  25.55502895  034.58525055 1
111  25.55490526  034.58532647 1
112  25.55478228  034.58551716  25.55474463  034.58562633 1
116  25.55482339  034.58593831  25.55489553  034.58611537
120 Taxi-Line Runway15-Bravo
111  25.55021277  034.58846517 1
116  25.54974535  034.58863636  25.54942980  034.58883777
120 Taxi-Line Runway33-Bravo
111  25.55051782  034.58822122 1
116  25.55083144  034.58794477  25.55112130  034.58775968
120 Taxi-Line Runway-Bravo
111  25.55051782  034.58822122 1
116  25.55051312  034.58868807  25.55061997  034.58890383
120 Taxi-Line Charlie-Apron
111  25.55623343  034.58857243 1
112  25.55616682  034.58907164  25.55600820  034.58927154
111  25.55616682  034.58907164
112  25.55616682  034.58907164  25.55615833  034.58908235 1
112  25.55613915  034.58910297  25.55612919  034.58911313
111  25.55613915  034.58910297
112  25.55613915  034.58910297  25.55609643  034.58914888 1
115  25.55607439  034.58916710
120 Taxi-Line Apron
111  25.55683036  034.58912424 1
112  25.55636775  034.58897987  25.55611030  034.58913963
111  25.55636775  034.58897987
112  25.55636775  034.58897987  25.55630084  034.58902139 1
112  25.55607439  034.58916710  25.55595403  034.58924489
111  25.55607439  034.58916710
112  25.55607439  034.58916710  25.55600438  034.58921235 1
112  25.55585473  034.58930962  25.55577995  034.58935829
111  25.55585473  034.58930962
112  25.55585473  034.58930962  25.55556344  034.58949921 1
111  25.55527311  034.58969010 1
111  25.55520485  034.58973226 1
111  25.55511544  034.58978747 1
111  25.55470856  034.59003873 1
111  25.55461372  034.59009729 1
111  25.55428595  034.59029970 1
111  25.55419388  034.59035656 1
111  25.55410031  034.59041434 1
111  25.55387612  034.59055999 1
111  25.55379803  034.59061073 1
111  25.55342411  034.59085366 1
111  25.55333532  034.59091134 1
111  25.55294940  034.59116208 1
111  25.55293987  034.59116827 1
111  25.55280074  034.59125771 1
111  25.55263070  034.59136703 1
112  25.55253979  034.59142323  25.55248482  034.59145511 1
112  25.55233287  034.59152061  25.55225347  034.59153872
111  25.55233287  034.59152061
112  25.55233287  034.59152061  25.55225347  034.59153872 1
112  25.55209263  034.59149164  25.55201433  034.59146062 1
116  25.55188217  034.59130152  25.55182548  034.59119633
120 Taxi-Line Bravo
111  25.55084127  034.59021291 1
112  25.55098427  034.58960164  25.55081490  034.58927111 1
111  25.55051312  034.58868807 1
116  25.55021277  034.58846517  25.55001953  034.58845723
120 Taxi-Line Alpha-Bravo
111  25.54598395  034.59103031 1
111  25.54582225  034.59114334 1
112  25.54567891  034.59140669  25.54565825  034.59156126 1
111  25.54570732  034.59168292 1
111  25.54579900  034.59186898 1
111  25.54602886  034.59232268 1
111  25.54621094  034.59264900 1
112  25.54640338  034.59278793  25.54653639  034.59283373 1
111  25.54660884  034.59282510 1
112  25.54677914  034.59278073  25.54683726  034.59274352 1
111  25.54709550  034.59261036 1
111  25.54751259  034.59234271 1
111  25.54818537  034.59191191 1
111  25.54937856  034.59114761 1
111  25.55084127  034.59021291 1
112  25.55110346  034.59017788  25.55129127  034.59019643 1
112  25.55136565  034.59034276  25.55139354  034.59039017 1
111  25.55158879  034.59075085 1
115  25.55188217  034.59130152
120 Taxi-Line Charlie
111  25.55415831  034.58581303 1
111  25.55428442  034.58572872 1
112  25.55482339  034.58593831  25.55502745  034.58631299
111  25.55482339  034.58593831
112  25.55482339  034.58593831  25.55492542  034.58612565 1
112  25.55549622  034.58717696  25.55576522  034.58768223 1
111  25.55600856  034.58816128 1
111  25.55610815  034.58833660 1
112  25.55640431  034.58863878  25.55656714  034.58877358 1
112  25.55672379  034.58894264  25.55677120  034.58900204
111  25.55672379  034.58894264
112  25.55672379  034.58894264  25.55674893  034.58897414 1
112  25.55683036  034.58912424  25.55686695  034.58919335
111  25.55683036  034.58912424
112  25.55683036  034.58912424  25.55686276  034.58918545 1
115  25.55688868  034.58923737
120 Taxi-Line Turnaround(1)
111  25.55964155  034.58229306 1
111  25.56009707  034.58200061 1
112  25.56036090  034.58193436  25.56053816  034.58193664 1
111  25.56101841  034.58195949 1
112  25.56106169  034.58183839  25.56106169  034.58179042 1
116  25.56090917  034.58149797  25.56072366  034.58137459
120 Taxi-Line Turnaround(2)
111  25.56739918  034.57732687 1
111  25.56786426  034.57703028 1
112  25.56802755  034.57697386  25.56811618  034.57698300 1
111  25.56879843  034.57696928 1
112  25.56886438  034.57673394  25.56883965  034.57661741 1
116  25.56873041  034.57649174  25.56866033  034.57646203
120 Taxi-Line Turnaround(3)
111  25.56925576  034.57614273 1
111  25.56971334  034.57584112 1
112  25.56983701  034.57579085  25.56990090  034.57578171 1
111  25.57066147  034.57579085 1
112  25.57071094  034.57568117  25.57072125  034.57563090 1
116  25.57070270  034.57547095  25.57067796  034.57542068
120 Taxi-Line Parking
111  25.55688868  034.58923737 1
115  25.55696966  034.58939128
120 Taxi-Line Parking
111  25.55636973  034.58957726 1
115  25.55644883  034.58972826
120 Taxi-Line Straight-Stand 19
111  25.55629474  034.58943187 1
115  25.55616360  034.58917914
120 Taxi-Line Apron-Stand 19
111  25.55585473  034.58930962 1
112  25.55612857  034.58929842  25.55626538  034.58934770
111  25.55612857  034.58929842
112  25.55612857  034.58929842  25.55618444  034.58932374 1
116  25.55629474  034.58943187  25.55637892  034.58952750
120 Taxi-Line Charlie-Stand 19
111  25.55610815  034.58833660 1
111  25.55623343  034.58857243 1
112  25.55634722  034.58883853  25.55636598  034.58894664 1
112  25.55630818  034.58910764  25.55629067  034.58915615
111  25.55630818  034.58910764
112  25.55630818  034.58910764  25.55630116  034.58912710 1
112  25.55627736  034.58920416  25.55626940  034.58924694
111  25.55627736  034.58920416
112  25.55627736  034.58920416  25.55627150  034.58923568 1
112  25.55627312  034.58931003  25.55627432  034.58934825
111  25.55627312  034.58931003
112  25.55627312  034.58931003  25.55627436  034.58934928 1
112  25.55629474  034.58943187  25.55631409  034.58947225
111  25.55629474  034.58943187
112  25.55629474  034.58943187  25.55635851  034.58956493 1
115  25.55636973  034.58957726
120 Taxi-Line Parking
111  25.55580604  034.58982874 1
115  25.55592298  034.59006584
120 Taxi-Line Circle South
111  25.55553626  034.58951834 1
112  25.55561392  034.58973831  25.55568681  034.58982986
111  25.55561392  034.58973831
112  25.55561392  034.58973831  25.55565406  034.58978672 1
116  25.55580604  034.58982874  25.55593171  034.58983823
120 Taxi-Line Circle North
111  25.55569184  034.58941888 1
116  25.55580604  034.58982874  25.55568014  034.59009583
120 Taxi-Line Straight-Stand 20
111  25.55564892  034.58953169 1
115  25.55580604  034.58982874
120 Taxi-Line Parking
111  25.55534304  034.59012131 1
115  25.55546062  034.59036262
120 Taxi-Line Circle North
111  25.55520485  034.58973226 1
116  25.55534304  034.59012131  25.55526932  034.59039694
120 Taxi-Line Straight-Stand 21
111  25.55519741  034.58982948 1
115  25.55534304  034.59012131
120 Taxi-Line Circle South
111  25.55511544  034.58978747 1
112  25.55516697  034.59001245  25.55522779  034.59010910
111  25.55516697  034.59001245
112  25.55516697  034.59001245  25.55520077  034.59006616 1
116  25.55534304  034.59012131  25.55544154  034.59014031
120 Taxi-Line Parking
111  25.55484249  034.59042267 1
115  25.55497870  034.59067485
120 Taxi-Line Circle North
111  25.55470856  034.59003873 1
116  25.55484249  034.59042267  25.55476876  034.59069830
120 Taxi-Line Straight-Stand 22
111  25.55469685  034.59013084 1
115  25.55484249  034.59042267
120 Taxi-Line Circle South
111  25.55461372  034.59009729 1
112  25.55466641  034.59031381  25.55472723  034.59041046
111  25.55466641  034.59031381
112  25.55466641  034.59031381  25.55470022  034.59036753 1
116  25.55484249  034.59042267  25.55494098  034.59044167
120 Taxi-Line Parking
111  25.55442988  034.59068683 1
115  25.55456994  034.59093890
120 Taxi-Line Circle North
111  25.55428595  034.59029970 1
116  25.55442988  034.59068683  25.55435390  034.59095953
120 Taxi-Line Straight-Stand 23
111  25.55427979  034.59039811 1
115  25.55442988  034.59068683
120 Taxi-Line Circle South
111  25.55419388  034.59035656 1
112  25.55424842  034.59057913  25.55431110  034.59067476
111  25.55424842  034.59057913
112  25.55424842  034.59057913  25.55428325  034.59063228 1
116  25.55442988  034.59068683  25.55453139  034.59070563
120 Taxi-Line Parking
111  25.55403099  034.59095225 1
115  25.55416161  034.59120150
120 Taxi-Line Straight-Stand 24
111  25.55388090  034.59066353 1
115  25.55403099  034.59095225
120 Taxi-Line Circle North
111  25.55387612  034.59055999 1
116  25.55403099  034.59095225  25.55395501  034.59122495
120 Taxi-Line Circle South
111  25.55379803  034.59061073 1
112  25.55384953  034.59084455  25.55391221  034.59094018
111  25.55384953  034.59084455
112  25.55384953  034.59084455  25.55388436  034.59089770 1
116  25.55403099  034.59095225  25.55413250  034.59097105
120 Taxi-Line Parking
111  25.55357162  034.59124399 1
115  25.55369890  034.59150064
120 Taxi-Line Circle North
111  25.55342411  034.59085366 1
116  25.55357162  034.59124399  25.55349564  034.59151669
120 Taxi-Line Straight-Stand 25
111  25.55342152  034.59095526 1
115  25.55357162  034.59124399
120 Taxi-Line Circle South
111  25.55333532  034.59091134 1
112  25.55339015  034.59113629  25.55345284  034.59123191
111  25.55339015  034.59113629
112  25.55339015  034.59113629  25.55342499  034.59118943 1
116  25.55357162  034.59124399  25.55367313  034.59126279
120 Taxi-Line Parking
111  25.55307067  034.59157707 1
115  25.55319854  034.59182227
120 Taxi-Line Circle South
111  25.55280074  034.59125771 1
112  25.55287854  034.59148664  25.55295144  034.59157819
111  25.55287854  034.59148664
112  25.55287854  034.59148664  25.55291868  034.59153505 1
116  25.55307067  034.59157707  25.55319633  034.59158656
120 Taxi-Line Circle North
111  25.55294940  034.59116208 1
116  25.55307067  034.59157707  25.55294476  034.59184416
120 Taxi-Line Straight-Stand 26
111  25.55291355  034.59128002 1
115  25.55307067  034.59157707
120 Taxi-Line Apron-Stand 27
111  25.55263070  034.59136703 1
112  25.55248672  034.59157742  25.55245690  034.59171096 1
112  25.55247240  034.59178632  25.55247717  034.59184846 1
116  25.55252613  034.59192788  25.55253091  034.59193581
120 Taxi-Line Straight-Stand 27
111  25.55247353  034.59183546 1
115  25.55235616  034.59160365
120 Taxi-Line Bravo-Stand 27
111  25.55188217  034.59130152 1
111  25.55200834  034.59153719 1
112  25.55209708  034.59164191  25.55213000  034.59166253 1
112  25.55221445  034.59169109  25.55226598  034.59170219 1
112  25.55235759  034.59174344  25.55239194  034.59176407 1
112  25.55247353  034.59183546  25.55248785  034.59185767
111  25.55247353  034.59183546
112  25.55247353  034.59183546  25.55248069  034.59184657 1
112  25.55252613  034.59192788  25.55254796  034.59196714 1
115  25.55256800  034.59200363
120 Taxi-Line Parking
111  25.55256800  034.59200363 1
115  25.55265725  034.59217154
21  25.54854480  034.58880349 2 330.5400 3.00 PAPI 33
20  25.55552088  034.58931620 330.9100 0 2 {@Y}20{^r}
20  25.55506523  034.58963993 330.9100 0 2 {@Y}21{^r}
20  25.55456747  034.58995485 330.9100 0 2 {@Y}22{^r}
20  25.55414743  034.59022110 330.9100 0 2 {@Y}23{^r}
20  25.55374940  034.59047258 330.9100 0 2 {@Y}24{^r}
20  25.55328544  034.59076787 330.9100 0 2 {@Y}25{^r}
20  25.55519476  034.58620152 240.2500 0 2 {@L}C{@R}33-15
20  25.55087885  034.58897506 240.2500 0 2 {@L}B{@R}33-15
20  25.54580135  034.59220877 240.2500 0 2 {@L}A{@R}33-15
20  25.54609810  034.59202153 240.2500 0 2 {@L}A{@R}33-15
20  25.55055570  034.58918749 235.7200 0 2 {@L}B{@R}33-15
20  25.55487192  034.58641706 232.5700 0 2 {@L}C{@R}33-15
20  25.55276016  034.59105068 334.4000 0 2 {@Y}26{^r}
20  25.55199164  034.59102637 59.2200 0 2 {@Y}27{^lu,@L}B
20  25.55061813  034.59010352 325.8400 0 2 {@Y,^l}B{@L}A{@Y}B{^r}
20  25.55587641  034.58902212 328.4800 0 2 {@Y,^l}C|18{^ru}|19{^r}
20  25.55422104  034.59017477 149.5300 0 2 {@Y,^l}23
20  25.55336048  034.59072030 149.5300 0 2 {@Y,^l}25
20  25.55286508  034.59100358 149.5300 0 2 {@Y,^l}26
20  25.55464858  034.58990365 149.5300 0 2 {@Y,^l}22
20  25.55381990  034.59042816 149.5300 0 2 {@Y,^l}24
20  25.55234610  034.59124029 149.5300 0 2 {@Y,^l}27|B{^r}
20  25.55512317  034.58960313 149.5300 0 2 {@Y,^l}21
20  25.55558181  034.58926714 149.5300 0 2 {@Y,^l}20
20  25.55636867  034.58833373 59.3400 0 2 {@L}C{@Y,^lu}18|19{^ru}
20  25.54998737  034.58888924 329.0800 0 2 {@Y}B{^r}
20  25.54608844  034.59199598 62.6000 0 2 {@L}A{safety}
20  25.55093360  034.58825548 150.3000 0 2 {@Y,^l}B
20  25.55420707  034.58617288 330.0100 0 2 {@Y}C{^r}
20  25.55519797  034.58553142 151.8900 0 2 {@Y,^l}C
20  25.55129101  034.59054261 238.9000 0 2 {@Y,^l}A{@L}B{@Y}B{^u}
14  25.56068971  034.58782908 108.27 0 Tower Viewpoint 
1300  25.55281606  034.59248373  59.62 gate jets Stand 27
1301 E general_aviation 
1300  25.55336550  034.59212943  59.62 gate jets Stand 26
1301 D general_aviation 
1300  25.55386231  034.59180989  59.62 gate jets Stand 25
1301 C general_aviation 
1300  25.55432649  034.59151063  59.62 gate jets Stand 24
1301 D general_aviation 
1300  25.55473659  034.59124594  59.62 gate jets Stand 23
1301 C general_aviation 
1300  25.55514344  034.59098235  59.62 gate jets Stand 22
1301 D general_aviation 
1300  25.55561641  034.59067682  59.62 gate jets Stand 21
1301 C general_aviation 
1300  25.55607534  034.59036748  59.62 gate jets Stand 20
1301 D general_aviation 
1300  25.55661249  034.59003620  59.62 gate jets Stand 19
1301 D general_aviation 
1300  25.55712774  034.58968993  59.62 gate jets Stand 18
1301 D general_aviation 
18  25.56083165  034.58836984 1 Airport Beacon
19  25.54957364  034.58987727 0 Windsock 33
19  25.56747512  034.57842038 0 Windsock 15
54 12100 Marsa Alam Tower
53 12190 Marsa Alam Ground
1200 
1201  25.55625779  034.59149846 both 0 _stop
1201  25.55627972  034.59159570 both 1 _stop
1201  25.55622708  034.59169051 both 2 _stop
1201  25.55502306  034.59246354 both 3 _stop
1201  25.55450986  034.59278927 both 4 _stop
1201  25.55438486  034.59283789 both 5 _stop
1201  25.55427301  034.59275524 both 6 _stop
1201  25.55265157  034.59299694 both 7 _stop
1201  25.55741295  034.58994524 both 8 _start
1201  25.55728210  034.59003110 both 9 unnamed entity(split)
1201  25.55713193  034.59012240 both 10 unnamed entity(split)
1201  25.55694034  034.59024381 both 11 unnamed entity(split)
1201  25.55674630  034.59036752 both 12 unnamed entity(split)
1201  25.55638444  034.59060049 both 13 unnamed entity(split)
1201  25.55612248  034.59077086 both 14 unnamed entity(split)
1201  25.55593759  034.59088830 both 15 unnamed entity(split)
1201  25.55589464  034.59091651 both 16 unnamed entity(split)
1201  25.55569482  034.59104799 both 17 unnamed entity(split)
1201  25.55546016  034.59119628 both 18 unnamed entity(split)
1201  25.55528056  034.59131356 both 19 unnamed entity(split)
1201  25.55477151  034.59164600 both 20 unnamed entity(split)
1201  25.55448007  034.59182810 both 21 unnamed entity(split)
1201  25.55412016  034.59205682 both 22 unnamed entity(split)
1201  25.55395920  034.59216033 both 23 unnamed entity(split)
1201  25.55366496  034.59234669 both 24 unnamed entity(split)
1201  25.55343590  034.59249924 both 25 unnamed entity(split)
1201  25.55325558  034.59261004 both 26 unnamed entity(split)
1201  25.55309377  034.59271802 both 27 unnamed entity(split)
1201  25.55290650  034.59283490 both 28 unnamed entity(split)
1201  25.55264311  034.59214299 both 29 _start
1201  25.55318042  034.59178646 both 30 _start
1201  25.55367936  034.59146842 both 31 _start
1201  25.55414723  034.59117468 both 32 _start
1201  25.55455296  034.59091134 both 33 _start
1201  25.55495686  034.59063583 both 34 _start
1201  25.55543934  034.59032387 both 35 _start
1201  25.55590173  034.59002203 both 36 _start
1201  25.55643904  034.58970803 both 37 _start
1201  25.55658343  034.58894228 both 38 _stop
1201  25.55695626  034.58936770 both 39 _start
1201  25.55280115  034.59125342 both 40 _stop
1201  25.55232511  034.59151704 both 41 unnamed entity(split)
1201  25.55384256  034.59058302 both 42 _stop
1201  25.55338694  034.59087893 both 43 unnamed entity(split)
1201  25.55287887  034.59120507 both 44 unnamed entity(split)
1201  25.55636775  034.58897987 both 45 Charlie_stop
1201  25.55614297  034.58912460 both 46 unnamed entity(split)
1201  25.55561845  034.58945886 both 47 unnamed entity(split)
1201  25.55515789  034.58974855 both 48 unnamed entity(split)
1201  25.55466261  034.59006254 both 49 unnamed entity(split)
1201  25.55424409  034.59032589 both 50 unnamed entity(split)
1201  25.55610716  034.58833356 both 51 Charlie_stop
1201  25.55207221  034.59165342 both 52 Bravo_stop
1201  25.55118046  034.58998861 both 53 Alpha_stop
1201  25.54751435  034.59234190 both 54 Alpha_stop
1201  25.54678244  034.59278286 both 55 Alpha_stop
1201  25.54661137  034.59283245 both 56 Alpha_stop
1201  25.54640610  034.59278869 both 57 Alpha_stop
1201  25.54621135  034.59264868 both 58 Alpha_stop
1201  25.56106336  034.58183385 both 59 _stop
1201  25.56102072  034.58196047 both 60 _stop
1201  25.56886724  034.57673240 both 61 _stop
1201  25.56880328  034.57696944 both 62 _stop
1201  25.57066181  034.57579072 both 63 _stop
1201  25.57071690  034.57568324 both 64 _stop
1201  25.57070221  034.57547073 both 65 _stop
1201  25.57061234  034.57525429 both 66 _stop
1201  25.54551685  034.59132697 both 67 _start
1201  25.54555140  034.59130404 both 68 unnamed entity(split)
1201  25.54578728  034.59178311 both 69 unnamed entity(split)
1201  25.55029321  034.58826614 both 70 unnamed entity(split)
1201  25.55053292  034.58873160 both 71 unnamed entity(split)
1201  25.55461249  034.58549975 both 72 unnamed entity(split)
1201  25.55486425  034.58597472 both 73 unnamed entity(split)
1201  25.56018307  034.58193346 both 74 unnamed entity(split)
1201  25.56090040  034.58147426 both 75 unnamed entity(split)
1201  25.56792811  034.57697349 both 76 unnamed entity(split)
1201  25.56871555  034.57647104 both 77 unnamed entity(split)
1201  25.56978013  034.57578746 both 78 unnamed entity(split)
1202 29 41 twoway taxiway_D 
1202 30 44 twoway taxiway_D 
1202 31 43 twoway taxiway_C 
1202 32 42 twoway taxiway_D 
1202 33 50 twoway taxiway_D 
1202 34 49 twoway taxiway_D 
1202 35 48 twoway taxiway_D 
1202 36 47 twoway taxiway_D 
1202 37 46 twoway taxiway_D 
1202 38 45 twoway taxiway_E 
1202 39 38 twoway taxiway_D 
1202 40 41 twoway taxiway_E 
1202 41 52 twoway taxiway_E 
1202 42 43 twoway taxiway_E 
1202 43 44 twoway taxiway_E 
1202 44 40 twoway taxiway_E 
1202 45 46 twoway taxiway_E 
1202 46 47 twoway taxiway_E 
1202 47 48 twoway taxiway_E 
1202 48 49 twoway taxiway_E 
1202 49 50 twoway taxiway_E 
1202 50 42 twoway taxiway_E 
1202 51 45 twoway taxiway_E Charlie
1202 72 73 twoway taxiway_E Charlie
1204 departure 15,33
1204 arrival 15,33
1202 73 51 twoway taxiway_E Charlie
1202 53 52 twoway taxiway_E Bravo
1202 70 71 twoway taxiway_E Bravo
1204 departure 15,33
1204 arrival 15,33
1202 71 53 twoway taxiway_E Bravo
1202 54 53 twoway taxiway_E Alpha
1202 55 54 twoway taxiway_E Alpha
1202 56 55 twoway taxiway_E Alpha
1202 57 56 twoway taxiway_E Alpha
1202 58 57 twoway taxiway_E Alpha
1202 68 69 twoway taxiway_E Alpha
1204 departure 15,33
1204 arrival 15,33
1202 69 58 twoway taxiway_E Alpha
1202 59 75 twoway taxiway_E 
1204 departure 15,33
1204 arrival 15,33
1202 60 59 twoway taxiway_E 
1204 departure 15,33
1204 arrival 15,33
1202 74 60 twoway taxiway_E 
1204 departure 15,33
1204 arrival 15,33
1202 61 77 twoway taxiway_E 
1204 departure 15,33
1204 arrival 15,33
1202 62 61 twoway taxiway_E 
1204 departure 15,33
1204 arrival 15,33
1202 76 62 twoway taxiway_E 
1204 departure 15,33
1204 arrival 15,33
1202 67 68 twoway runway 15/33
1204 departure 15,33
1204 arrival 15,33
1204 ils 15,33
1202 68 70 twoway runway 15/33
1204 departure 15,33
1204 arrival 15,33
1204 ils 15,33
1202 70 72 twoway runway 15/33
1204 departure 15,33
1204 arrival 15,33
1204 ils 15,33
1202 72 74 twoway runway 15/33
1204 departure 15,33
1204 arrival 15,33
1204 ils 15,33
1202 74 75 twoway runway 15/33
1204 departure 15,33
1204 arrival 15,33
1204 ils 15,33
1202 75 76 twoway runway 15/33
1204 departure 15,33
1204 arrival 15,33
1204 ils 15,33
1202 76 77 twoway runway 15/33
1204 departure 15,33
1204 arrival 15,33
1204 ils 15,33
1202 77 78 twoway runway 15/33
1204 departure 15,33
1204 arrival 15,33
1204 ils 15,33
1202 78 66 twoway runway 15/33
1204 departure 15,33
1204 arrival 15,33
1204 ils 15,33
1202 63 78 twoway taxiway_E 
1204 departure 15,33
1204 arrival 15,33
1202 64 63 twoway taxiway_E 
1204 departure 15,33
1204 arrival 15,33
1202 65 64 twoway taxiway_E 
1204 departure 15,33
1204 arrival 15,33
1202 66 65 twoway taxiway_E 
1204 departure 15,33
1204 arrival 15,33
1206 0 15 twoway  
1206 1 0 twoway  
1206 2 1 twoway  
1206 3 2 twoway  
1206 4 3 twoway  
1206 5 4 twoway  
1206 6 5 twoway  
1206 23 6 twoway  
1206 8 9 twoway  
1206 9 10 twoway  
1206 10 11 twoway  
1206 11 12 twoway  
1206 12 13 twoway  
1206 13 14 twoway  
1206 14 15 twoway  
1206 15 16 twoway  
1206 16 17 twoway  
1206 17 18 twoway  
1206 18 19 twoway  
1206 19 20 twoway  
1206 20 21 twoway  
1206 21 22 twoway  
1206 22 23 twoway  
1206 23 24 twoway  
1206 24 25 twoway  
1206 25 26 twoway  
1206 26 27 twoway  
1206 27 28 twoway  
1206 28 7 twoway  
1400  25.55455414  34.59151389  239.74 food 0 New Service Truck 41
1400  25.55316482  34.59241831  9.06 baggage_train 3 New Service Truck 36
1400  25.55643321  34.59068198  244.70 pushback 0 New Service Truck 31
1400  25.55512745  34.59152161  245.56 pushback 0 New Service Truck 33
1400  25.55648186  34.59064798  240.46 pushback 0 New Service Truck 30
1400  25.55369367  34.59244220  240.37 baggage_loader 0 New Service Truck 38
1400  25.55375684  34.59239987  240.10 baggage_loader 0 New Service Truck 37
1400  25.55716658  34.59020696  150.80 baggage_train 3 New Service Truck 34
1400  25.55381889  34.59235739  246.61 crew_car 0 New Service Truck 15
1400  25.55664920  34.59054204  241.28 fuel_props 0 New Service Truck 14
1400  25.55570866  34.59114520  331.67 fuel_jets 0 New Service Truck 13
1400  25.55636504  34.59176874  243.61 food 0 New Service Truck 43
1401  25.55679853  34.59000998  101.59 crew_car New Service Truck Destination 39
1401  25.55685371  34.58993683  12.09 baggage_loader New Service Truck Destination 24
1401  25.55615580  34.59052337  240.66 pushback New Service Truck Destination 18
1401  25.55306864  34.59234749  190.99 baggage_train New Service Truck Destination 16
1401  25.55589287  34.59055445  11.66 fuel_jets New Service Truck Destination 12
1401  25.55695845  34.58991108  191.14 fuel_jets New Service Truck Destination 11
1401  25.55707893  34.59027168  244.68 pushback New Service Truck Destination 28
1401  25.55615027  34.59085912  330.89 food New Service Truck Destination 26
1401  25.55505160  34.59249149  329.88 crew_car New Service Truck Destination 25
99
