PROPERTY sim/west -180
PROPERTY sim/east 180
PROPERTY sim/north 90
PROPERTY sim/south -90
PROPERTY sim/planet earth
PROPERTY sim/creation_agent WorldEditor1.5.1r1
PROPERTY laminar/internal_revision 0
PROPERTY sim/overlay 1
FILTER 0
BEGIN_POLYGON 0 0 2
BEGIN_WINDING
POLYGON_POINT 32.818800217 23.976230921
POLYGON_POINT 32.818770113 23.976417634
END_WINDING
END_POLYGON
BEGIN_POLYGON 0 0 4
BEGIN_WINDING
POLYGON_POINT 32.818239700 23.979444439 32.818239700 23.979444439
POLYGON_POINT 32.818239700 23.979444439 32.818239203 23.979444925
POLYGON_POINT 32.818212857 23.979638287 32.818212857 23.979638287
END_WINDING
END_POLYGON
BEGIN_POLYGON 0 0 2
BEGIN_WINDING
POLYGON_POINT 32.819581545 23.971763414
POLYGON_POINT 32.819549826 23.971949219
END_WINDING
END_POLYGON
BEGIN_POLYGON 0 0 2
BEGIN_WINDING
POLYGON_POINT 32.823532193 23.949327877
POLYGON_POINT 32.823477013 23.949549765
END_WINDING
END_POLYGON
BEGIN_POLYGON 0 0 2
BEGIN_WINDING
POLYGON_POINT 32.823003417 23.952181361
POLYGON_POINT 32.822970538 23.952368010
END_WINDING
END_POLYGON
BEGIN_POLYGON 0 0 2
BEGIN_WINDING
POLYGON_POINT 32.820085750 23.968845006
POLYGON_POINT 32.820050946 23.969041503
END_WINDING
END_POLYGON
FILTER -1
FILTER 0
FILTER -1
FILTER 0
FILTER -1
FILTER 0
FILTER -1
FILTER 0
FILTER -1
FILTER 0
OBJECT 0 32.824608932 23.969105613 0.000000
OBJECT 0 32.824636631 23.969098526 0.000000
OBJECT 0 32.824652142 23.969034743 0.000000
OBJECT 0 32.824663222 23.968976023 0.000000
OBJECT 0 32.824677625 23.968901104 0.000000
OBJECT 0 32.824682057 23.968850483 0.000000
OBJECT 0 32.824697568 23.968802899 0.000000
OBJECT 0 32.824703108 23.968749241 0.000000
OBJECT 0 32.824715296 23.968680396 0.000000
OBJECT 0 32.824724160 23.968645974 0.000000
OBJECT 0 32.824733023 23.968585229 0.000000
OBJECT 0 32.824739671 23.968540682 0.000000
OBJECT 0 32.824816120 23.968127615 0.000000
OBJECT 0 32.824805041 23.968183298 0.000000
OBJECT 0 32.824795069 23.968237969 0.000000
OBJECT 0 32.824783989 23.968298714 0.000000
OBJECT 0 32.824774018 23.968360472 0.000000
OBJECT 0 32.824764046 23.968408055 0.000000
OBJECT 0 32.824980097 23.966985605 0.000000
OBJECT 0 32.824973449 23.967026102 0.000000
OBJECT 0 32.824962370 23.967079760 0.000000
OBJECT 0 32.824961262 23.967120257 0.000000
OBJECT 0 32.824952398 23.967153667 0.000000
OBJECT 0 32.824944643 23.967205300 0.000000
OBJECT 0 32.824939103 23.967265033 0.000000
OBJECT 0 32.824929131 23.967320716 0.000000
OBJECT 0 32.824924700 23.967382474 0.000000
OBJECT 0 32.824916944 23.967416896 0.000000
OBJECT 0 32.824901433 23.967516113 0.000000
OBJECT 0 32.824898109 23.967550535 0.000000
OBJECT 0 32.824891461 23.967592045 0.000000
OBJECT 0 32.824883705 23.967629504 0.000000
OBJECT 0 32.824883705 23.967655827 0.000000
OBJECT 0 32.824873734 23.967688224 0.000000
OBJECT 0 32.824868194 23.967719609 0.000000
OBJECT 0 32.824863762 23.967763144 0.000000
OBJECT 0 32.824860438 23.967801616 0.000000
OBJECT 0 32.824854898 23.967846162 0.000000
OBJECT 0 32.824850467 23.967885646 0.000000
OBJECT 0 32.824844927 23.967923106 0.000000
OBJECT 0 32.824838279 23.967948416 0.000000
OBJECT 0 32.824837171 23.967980814 0.000000
OBJECT 0 32.824833847 23.968016249 0.000000
OBJECT 0 32.824829415 23.968046621 0.000000
OBJECT 0 32.824829415 23.968064845 0.000000
OBJECT 0 32.824765153 23.968406030 0.000000
OBJECT 0 32.824757398 23.968451589 0.000000
OBJECT 0 32.824752966 23.968480950 0.000000
OBJECT 0 32.824747426 23.968510310 0.000000
OBJECT 1 32.825171007 23.966985555 170.539993
BEGIN_POLYGON 1 10 3
BEGIN_WINDING
POLYGON_POINT 32.824147106 23.967992696 0.000000000
POLYGON_POINT 32.824822065 23.968075050 0.000000000
POLYGON_POINT 32.824735673 23.968509235 1.000000000
POLYGON_POINT 32.824073868 23.968433378 2.000000000
END_WINDING
END_POLYGON
BEGIN_POLYGON 2 10 3
BEGIN_WINDING
POLYGON_POINT 32.824195744 23.968417514 1.000000000
POLYGON_POINT 32.824678716 23.968481838 2.000000000
POLYGON_POINT 32.824596593 23.969101846 1.000000000
POLYGON_POINT 32.824105799 23.969037523 1.000000000
END_WINDING
END_POLYGON
BEGIN_POLYGON 2 10 3
BEGIN_WINDING
POLYGON_POINT 32.824461673 23.966888040 1.000000000
POLYGON_POINT 32.824944646 23.966952364 2.000000000
POLYGON_POINT 32.824747155 23.968128057 0.000000000
POLYGON_POINT 32.824258316 23.968047653 1.000000000
END_WINDING
END_POLYGON
OBJECT 2 32.824107848 23.967243928 215.639999
OBJECT 2 32.823983817 23.967255673 221.039993
OBJECT 2 32.823949757 23.967327316 45.910000
OBJECT 2 32.824041655 23.967291495 290.019989
OBJECT 2 32.823913126 23.967266243 23.700001
OBJECT 2 32.824105920 23.967441828 304.320007
OBJECT 2 32.823955540 23.967413053 33.270000
OBJECT 2 32.824026874 23.967391325 282.160004
OBJECT 2 32.823905414 23.967366661 19.980000
OBJECT 2 32.823947186 23.967541071 173.770004
OBJECT 2 32.823932405 23.967475888 312.269989
OBJECT 2 32.824026232 23.967500552 16.700001
OBJECT 2 32.824109776 23.967555752 180.869995
OBJECT 2 32.823995385 23.967636204 34.020000
OBJECT 2 32.824055794 23.967630331 145.690002
OBJECT 2 32.823897059 23.967620936 208.520004
OBJECT 2 32.823973535 23.967590399 24.730000
OBJECT 2 32.823875209 23.967552816 353.329987
OBJECT 2 32.823869425 23.967667915 15.800000
OBJECT 2 32.823852074 23.967740732 205.990005
OBJECT 2 32.823978676 23.967705498 261.609985
OBJECT 2 32.824065434 23.967716068 187.050003
OBJECT 2 32.824050653 23.967777141 280.149994
OBJECT 2 32.823979961 23.967804741 15.260000
OBJECT 2 32.823902843 23.967800631 323.010010
OBJECT 2 32.823818013 23.967805329 172.789993
OBJECT 2 32.823929835 23.968056667 193.809998
OBJECT 2 32.823961967 23.967938632 298.000000
OBJECT 2 32.823814157 23.967909270 213.690002
OBJECT 2 32.823780739 23.967961534 27.260000
OBJECT 2 32.823901558 23.968186447 244.589996
OBJECT 2 32.823864284 23.968381410 226.509995
OBJECT 2 32.823724186 23.968379061 147.259995
OBJECT 2 32.823849875 23.968492297 215.839996
OBJECT 2 32.823738095 23.968490406 208.610001
OBJECT 2 32.823727745 23.968563229 175.759995
OBJECT 2 32.823841595 23.968569849 187.350006
OBJECT 2 32.823690485 23.968627540 129.350006
OBJECT 2 32.823767075 23.968654967 209.899994
OBJECT 2 32.823669785 23.968688069 131.500000
OBJECT 2 32.823720500 23.968739139 193.429993
OBJECT 2 32.823683240 23.968795885 135.000000
OBJECT 2 32.823813650 23.968711712 227.419998
OBJECT 2 32.823880925 23.968678611 271.549988
OBJECT 2 32.823787775 23.968787373 197.529999
OBJECT 2 32.823881960 23.968762783 199.440002
OBJECT 2 32.823777605 23.968920200 167.800003
OBJECT 2 32.823735250 23.968859380 39.090000
OBJECT 2 32.823658607 23.968870439 29.049999
OBJECT 2 32.823636421 23.968975490 145.309998
OBJECT 2 32.823692894 23.968964432 119.930000
OBJECT 2 32.823797774 23.968982862 227.600006
OBJECT 2 32.823821977 23.969069483 200.559998
OBJECT 2 32.823727182 23.969051053 200.559998
OBJECT 2 32.823636421 23.969049210 135.000000
OBJECT 2 32.823676759 23.969515491 167.470001
OBJECT 2 32.823688860 23.969368050 8.330000
OBJECT 2 32.823747351 23.969434399 222.139999
OBJECT 2 32.823622302 23.969358835 83.089996
OBJECT 2 32.823585997 23.969637130 131.820007
OBJECT 2 32.823688860 23.969587368 176.729996
OBJECT 2 32.823713064 23.969216924 316.549988
OBJECT 2 32.823638437 23.969187436 51.340000
OBJECT 2 32.823709030 23.969292487 180.000000
OBJECT 2 32.823815927 23.969235354 0.000000
OBJECT 2 32.823626336 23.969279586 32.009998
OBJECT 2 32.823775588 23.969366207 208.889999
OBJECT 2 32.823634404 23.969434399 85.910004
OBJECT 2 32.823735250 23.969509962 209.740005
OBJECT 2 32.823688860 23.969637130 156.570007
OBJECT 2 32.823604150 23.969552351 0.000000
OBJECT 3 32.821830607 23.980271891 352.869995
OBJECT 4 32.819588855 23.971744479 259.179993
OBJECT 4 32.819546825 23.971964545 260.529999
OBJECT 2 32.824800132 23.972199409 353.230011
OBJECT 2 32.824813908 23.972344743 168.179993
OBJECT 2 32.824673641 23.972245184 116.570000
OBJECT 2 32.824628205 23.971920825 177.039993
OBJECT 2 32.824732152 23.971382974 191.309998
OBJECT 2 32.824851128 23.971398995 120.959999
OBJECT 2 32.824583119 23.971174700 234.779999
OBJECT 2 32.824680805 23.971220475 207.899994
OBJECT 2 32.824600653 23.971356654 164.479996
OBJECT 2 32.824584372 23.971508854 162.899994
OBJECT 2 32.824646991 23.971572938 252.179993
OBJECT 2 32.824724638 23.971516865 22.480000
OBJECT 2 32.824829837 23.971260527 315.000000
OBJECT 2 32.824864904 23.971009912 264.809998
OBJECT 2 32.824819818 23.971134648 164.050003
OBJECT 2 32.824758452 23.971331478 180.000000
OBJECT 2 32.824839856 23.971528308 207.509995
OBJECT 2 32.824674543 23.971567217 113.050003
OBJECT 2 32.824475415 23.971604981 97.849998
OBJECT 2 32.824467901 23.971509998 0.000000
OBJECT 2 32.824510482 23.971348643 357.950012
OBJECT 2 32.824531772 23.971144947 306.869995
OBJECT 2 32.824583119 23.971259383 174.289993
OBJECT 2 32.824544296 23.971473379 196.699997
OBJECT 2 32.824644486 23.971463080 276.010010
OBJECT 2 32.824755947 23.971189577 335.170013
OBJECT 2 32.824682057 23.971041954 49.400002
OBJECT 2 32.824515491 23.971047676 353.660004
OBJECT 2 32.824571848 23.971049965 327.529999
OBJECT 2 32.824770975 23.971029366 343.299988
OBJECT 2 32.824903727 23.970980159 345.959991
OBJECT 2 32.824833594 23.970885177 14.350000
OBJECT 2 32.824633214 23.970919507 26.559999
OBJECT 2 32.824935036 23.970879455 341.570007
OBJECT 2 32.824728395 23.970881743 90.000000
OBJECT 2 32.824530520 23.970916074 117.650002
OBJECT 2 32.824823574 23.970607096 132.509995
OBJECT 2 32.824704599 23.970713522 347.200012
OBJECT 2 32.824917502 23.970697501 204.570007
OBJECT 2 32.824653252 23.970656304 99.290001
OBJECT 2 32.824783498 23.970692924 277.130005
OBJECT 2 32.824937540 23.970632272 23.200001
OBJECT 2 32.824574352 23.970668892 114.360001
OBJECT 2 32.824536781 23.970750142 172.410004
OBJECT 2 32.824606914 23.970474350 135.000000
OBJECT 2 32.825018942 23.970208858 187.389999
OBJECT 2 32.824955072 23.970443453 197.800003
OBJECT 2 32.824879930 23.970276376 294.779999
OBJECT 2 32.825010176 23.970356481 193.429993
OBJECT 2 32.824832340 23.970445741 113.629997
OBJECT 2 32.824806040 23.970355337 207.070007
OBJECT 2 32.824844863 23.970227168 136.169998
OBJECT 2 32.824673289 23.970271798 115.959999
OBJECT 2 32.824737160 23.970454896 142.240005
OBJECT 2 32.824639475 23.970412555 142.770004
OBJECT 2 32.824615680 23.970342749 141.100006
OBJECT 2 32.824682056 23.970180249 153.440002
OBJECT 2 32.824866153 23.970100144 148.470001
OBJECT 2 32.824912490 23.969893014 323.529999
OBJECT 2 32.825075297 23.970007451 220.350006
OBJECT 2 32.824796021 23.969969687 122.199997
OBJECT 2 32.824884938 23.969966253 345.750000
OBJECT 2 32.825100345 23.969809476 335.279999
OBJECT 2 32.824997651 23.969824352 30.719999
OBJECT 2 32.824822320 23.969775145 23.690001
OBJECT 2 32.824823573 23.969822064 182.729996
OBJECT 2 32.825030212 23.969928489 252.240005
OBJECT 2 32.824956323 23.970112732 161.740005
OBJECT 2 32.824831087 23.970160795 148.830002
OBJECT 2 32.824730898 23.970063524 135.000000
OBJECT 2 32.824705851 23.969855250 152.179993
OBJECT 2 32.824700841 23.969714494 151.699997
OBJECT 2 32.824983875 23.969507364 266.989990
OBJECT 2 32.824958827 23.969371185 284.739990
OBJECT 2 32.825032717 23.969392928 248.500000
OBJECT 2 32.825116625 23.969503931 209.589996
OBJECT 2 32.825031464 23.969600057 151.220001
OBJECT 2 32.824913743 23.969600057 140.110001
OBJECT 2 32.824848620 23.969531396 125.360001
OBJECT 2 32.824868658 23.969435269 136.979996
OBJECT 2 32.825035221 23.969027876 225.000000
OBJECT 2 32.825114119 23.969184654 196.970001
OBJECT 2 32.825105353 23.969029021 255.960007
OBJECT 2 32.825162961 23.969089672 191.309998
OBJECT 2 32.825186756 23.969270481 191.309998
OBJECT 2 32.825184251 23.969230428 31.260000
OBJECT 2 32.825017688 23.969201819 104.709999
OBJECT 2 32.824889948 23.969133158 56.310001
OBJECT 2 32.824985127 23.969085094 172.570007
OBJECT 2 32.824882433 23.969200675 157.619995
OBJECT 2 32.824846115 23.969247594 150.259995
OBJECT 2 32.824928771 23.969169777 164.149994
OBJECT 2 32.824928771 23.969010711 67.379997
OBJECT 2 32.825087819 23.968765817 173.350006
OBJECT 2 32.824991388 23.968813880 197.740005
OBJECT 2 32.825230587 23.968983246 203.270004
OBJECT 2 32.825021444 23.968859655 92.199997
OBJECT 2 32.824980117 23.968920306 237.720001
OBJECT 2 32.825135408 23.968873387 208.740005
OBJECT 2 32.824995145 23.968714321 85.959999
OBJECT 2 32.825002659 23.968594163 179.089996
OBJECT 2 32.825119127 23.968621627 191.309998
OBJECT 2 32.825223072 23.968785271 168.160004
OBJECT 2 32.825243110 23.968615906 143.649994
OBJECT 2 32.825179240 23.968499181 357.209991
OBJECT 2 32.825338288 23.968405343 197.740005
OBJECT 2 32.825099090 23.968433952 50.029999
OBJECT 2 32.824992640 23.968448829 41.630001
OBJECT 2 32.825295708 23.968193636 194.860001
OBJECT 2 32.825142922 23.968258865 126.440002
OBJECT 2 32.825208044 23.968167316 3.180000
OBJECT 2 32.825069033 23.968175326 11.310000
OBJECT 2 32.825065276 23.968304639 151.970001
OBJECT 2 32.825184249 23.968348125 235.119995
OBJECT 2 32.825246866 23.968231400 239.419998
OBJECT 2 32.825368344 23.968201646 233.130005
OBJECT 2 32.825355820 23.968113531 140.649994
OBJECT 2 32.825199277 23.968064323 33.480000
OBJECT 2 32.825121632 23.967970485 217.369995
OBJECT 2 32.825066529 23.968044869 150.949997
OBJECT 2 32.825102847 23.967862915 355.709991
OBJECT 2 32.825205539 23.967914411 40.400002
OBJECT 2 32.825284436 23.967995661 151.990005
OBJECT 2 32.825399652 23.967853760 143.429993
OBJECT 2 32.825453503 23.967456666 274.760010
OBJECT 2 32.825468531 23.967580258 177.610001
OBJECT 2 32.825472288 23.967646631 351.380005
OBJECT 2 32.825241857 23.967790820 0.000000
OBJECT 2 32.825358325 23.967748479 301.220001
OBJECT 2 32.825305726 23.967821718 231.339996
OBJECT 2 32.825136660 23.967745046 63.240002
OBJECT 2 32.825727428 23.966522993 228.479996
OBJECT 2 32.825370639 23.966455018 93.220001
OBJECT 2 32.825778398 23.966349279 249.229996
OBJECT 2 32.825732938 23.966426066 196.610001
OBJECT 2 32.825737071 23.966594745 175.380005
OBJECT 2 32.825549722 23.966320326 50.570000
OBJECT 2 32.825628244 23.966567051 207.470001
OBJECT 2 32.825651662 23.966374455 227.350006
OBJECT 2 32.825336200 23.966319068 86.360001
OBJECT 2 32.825462936 23.966490264 243.710007
OBJECT 2 32.825232883 23.966452500 106.139999
OBJECT 2 32.825490487 23.966421030 225.990005
OBJECT 2 32.825304516 23.966520475 142.899994
OBJECT 2 32.825082729 23.966604815 136.699997
OBJECT 2 32.825122678 23.966477676 105.260002
OBJECT 2 32.825283853 23.966410960 174.470001
OBJECT 2 32.825078596 23.966325362 75.800003
OBJECT 2 32.824830635 23.966308997 64.160004
OBJECT 2 32.824954615 23.966404666 191.500000
OBJECT 2 32.824765889 23.966417254 159.440002
OBJECT 2 32.824702521 23.966292633 74.849998
OBJECT 2 32.824646041 23.966353055 85.540001
OBJECT 2 32.824641908 23.966517958 217.300003
OBJECT 2 32.824721807 23.966485229 238.690002
OBJECT 2 32.824946350 23.966541875 216.490005
OBJECT 2 32.825124056 23.966569569 195.259995
OBJECT 2 32.825051045 23.966691672 157.380005
OBJECT 2 32.825033136 23.966838952 160.020004
OBJECT 2 32.824986299 23.966919515 162.199997
OBJECT 2 32.824882982 23.966901891 148.199997
OBJECT 2 32.824900890 23.966754612 151.779999
OBJECT 2 32.824900890 23.966650132 145.919998
OBJECT 2 32.824713542 23.966638803 126.120003
OBJECT 2 32.824597826 23.966627473 128.160004
OBJECT 2 32.824502774 23.966404666 121.430000
OBJECT 2 32.824560632 23.966302703 131.860001
OBJECT 2 32.824483488 23.966483970 142.820007
OBJECT 2 32.824493131 23.966590968 146.889999
OBJECT 2 32.824369151 23.966750836 16.389999
OBJECT 2 32.824309915 23.966703001 352.230011
OBJECT 2 32.824391192 23.966843987 208.929993
OBJECT 2 32.824315426 23.966855316 157.009995
OBJECT 2 32.824258945 23.966715589 45.000000
OBJECT 2 32.824111545 23.966827622 152.240005
OBJECT 2 32.824180423 23.966809999 181.399994
OBJECT 2 32.824292006 23.966599780 186.710007
OBJECT 2 32.824220373 23.966490264 62.880001
OBJECT 2 32.824174913 23.966567051 207.220001
OBJECT 2 32.824071596 23.966598521 267.799988
OBJECT 2 32.824177668 23.966658943 359.130005
OBJECT 2 32.824066085 23.966734471 40.430000
OBJECT 2 32.824009605 23.966835175 129.289993
OBJECT 2 32.824172158 23.966991266 261.869995
OBJECT 2 32.824114300 23.966977419 21.799999
OBJECT 2 32.823987564 23.966996301 5.310000
OBJECT 2 32.824139096 23.967142322 169.509995
OBJECT 2 32.824027514 23.967134769 187.850006
OBJECT 2 32.823966901 23.967102041 14.740000
OBJECT 2 32.824104657 23.967061759 17.969999
OBJECT 2 32.824042667 23.967190156 178.570007
OBJECT 2 32.823946237 23.967196450 133.600006
OBJECT_MSL 5 32.823880542 23.968908182 190.000000000 264.500000
OBJECT_MSL 5 32.823905545 23.968337002 190.000000000 264.500000
OBJECT_MSL 5 32.824148673 23.967389488 190.000000000 264.500000
OBJECT_MSL 5 32.823890765 23.968814162 190.000000000 83.750000
OBJECT_MSL 5 32.823915768 23.968242982 190.000000000 83.750000
OBJECT_MSL 5 32.824158896 23.967295468 190.000000000 83.750000
OBJECT_MSL 5 32.823855474 23.968842722 190.000000000 173.660004
OBJECT_MSL 5 32.823880477 23.968271542 190.000000000 173.660004
OBJECT_MSL 5 32.824123604 23.967324028 190.000000000 173.660004
OBJECT 6 32.823929558 23.968817356 349.589996
OBJECT 6 32.823954561 23.968246176 349.589996
OBJECT 6 32.824197688 23.967298662 349.589996
OBJECT 6 32.823915429 23.968911473 174.289993
OBJECT 6 32.823940432 23.968340293 174.289993
OBJECT 6 32.824183559 23.967392780 174.289993
OBJECT_MSL 5 32.823849969 23.968884371 190.000000000 173.880005
OBJECT_MSL 5 32.823874972 23.968313191 190.000000000 173.880005
OBJECT_MSL 5 32.824118099 23.967365677 190.000000000 173.880005
OBJECT_MSL 7 32.824997271 23.964350519 189.000000000 262.130005
OBJECT_MSL 7 32.825004188 23.964309475 189.000000000 262.640015
OBJECT 8 32.825061234 23.964503429 261.869995
BEGIN_POLYGON 3 10 3
BEGIN_WINDING
POLYGON_POINT 32.825117010 23.964503770 2.000000000
POLYGON_POINT 32.825222409 23.964516810 2.000000000
POLYGON_POINT 32.825209899 23.964600196 2.000000000
POLYGON_POINT 32.825049395 23.964578617 2.000000000
POLYGON_POINT 32.825077125 23.964401953 2.000000000
POLYGON_POINT 32.824932901 23.964382570 2.000000000
POLYGON_POINT 32.824939231 23.964343741 1.000000000
POLYGON_POINT 32.824947631 23.964292215 2.000000000
POLYGON_POINT 32.824951310 23.964267550 2.000000000
POLYGON_POINT 32.825149725 23.964292604 2.000000000
END_WINDING
END_POLYGON
OBJECT 9 32.825427806 23.964505641 261.839996
OBJECT 10 32.824700309 23.962800202 178.990005
OBJECT 10 32.824586788 23.963483773 180.000000
OBJECT 10 32.824604633 23.963388158 164.479996
OBJECT 11 32.824647622 23.963109467 357.059998
OBJECT 11 32.824679255 23.962986427 348.109985
BEGIN_POLYGON 1 10 3
BEGIN_WINDING
POLYGON_POINT 32.824755162 23.963268956 2.000000000
POLYGON_POINT 32.824820051 23.962864665 1.000000000
POLYGON_POINT 32.825005409 23.962887996 2.000000000
POLYGON_POINT 32.824946419 23.963292434 0.000000000
END_WINDING
END_POLYGON
BEGIN_POLYGON 1 10 3
BEGIN_WINDING
POLYGON_POINT 32.824680573 23.963693650 2.000000000
POLYGON_POINT 32.824745462 23.963289359 0.000000000
POLYGON_POINT 32.824984371 23.963319681 2.000000000
POLYGON_POINT 32.824925381 23.963722371 1.000000000
END_WINDING
END_POLYGON
OBJECT 12 32.822514081 23.964600994 88.639999
OBJECT 12 32.822582293 23.963066180 0.000000
OBJECT 12 32.822678311 23.962409294 0.000000
OBJECT 12 32.822789898 23.961740551 0.000000
OBJECT 12 32.822885913 23.961078922 0.000000
OBJECT 12 32.822286271 23.965964430 79.699997
OBJECT 12 32.821960722 23.967430050 80.870003
OBJECT 12 32.821710996 23.968657685 81.470001
OBJECT 12 32.821331660 23.970151067 78.410004
OBJECT 12 32.821192568 23.971081181 77.010002
OBJECT 12 32.821492878 23.973059840 167.009995
OBJECT 13 32.822711895 23.971271617 47.119999
OBJECT 14 32.822572383 23.971453807 210.960007
OBJECT 14 32.822625473 23.971177563 296.570007
OBJECT 14 32.822824560 23.970656068 48.369999
OBJECT 12 32.822543622 23.971665751 0.000000
OBJECT 12 32.822714389 23.970605754 0.000000
OBJECT 12 32.822749719 23.970241660 0.000000
OBJECT 12 32.823004890 23.970991370 0.000000
OBJECT 12 32.824162479 23.966224742 0.000000
OBJECT 12 32.824237096 23.965722247 0.000000
OBJECT 12 32.824323067 23.965184178 0.000000
OBJECT 12 32.824417149 23.964646109 0.000000
OBJECT 12 32.824933517 23.960964329 0.000000
OBJECT 12 32.824837346 23.961633328 0.000000
OBJECT 12 32.824715658 23.962334612 0.000000
OBJECT 12 32.824505647 23.963681578 0.000000
OBJECT 12 32.824607709 23.962996437 0.000000
OBJECT 12 32.825189729 23.959617638 0.000000
OBJECT 12 32.825035567 23.960288954 0.000000
OBJECT 14 32.822781793 23.970889191 115.199997
OBJECT 15 32.823243154 23.970073228 169.509995
OBJECT 15 32.823253602 23.969595781 189.869995
OBJECT 12 32.822871127 23.969543125 205.199997
OBJECT 16 32.824426688 23.962018302 121.760002
OBJECT 16 32.822963649 23.963199366 222.139999
OBJECT 16 32.823068473 23.962525783 221.690002
OBJECT 16 32.823182218 23.961850161 220.699997
OBJECT 16 32.823284811 23.961173520 220.710007
OBJECT 16 32.823401901 23.960494841 222.800003
OBJECT 16 32.823505607 23.959823296 220.179993
OBJECT 16 32.823612659 23.959146655 219.809998
OBJECT 16 32.824854897 23.959315815 119.400002
OBJECT 16 32.824743385 23.959994494 119.839996
OBJECT 16 32.824640794 23.960665020 119.360001
OBJECT 16 32.824532626 23.961345737 120.510002
OBJECT 16 32.824212446 23.963366894 121.269997
OBJECT 16 32.822286481 23.971393819 139.889999
OBJECT 16 32.822440109 23.970075061 135.880005
OBJECT 16 32.822408201 23.970692398 140.399994
OBJECT 16 32.824321864 23.962693924 119.050003
OBJECT 16 32.821677716 23.972601468 80.660004
OBJECT 17 32.822595030 23.971305248 261.470001
OBJECT 18 32.822690983 23.970753765 261.750000
OBJECT 19 32.824884511 23.967847325 169.740005
OBJECT 20 32.824857120 23.967988645 170.050003
OBJECT 20 32.824847101 23.968075616 169.800003
OBJECT 20 32.824132011 23.968512763 259.380005
OBJECT 20 32.824121992 23.968539083 258.690002
OBJECT 20 32.824109468 23.968565403 78.230003
OBJECT 21 32.824033075 23.968388027 173.229996
OBJECT 21 32.824005523 23.968557393 172.089996
OBJECT 22 32.824111973 23.968055018 164.880005
OBJECT 23 32.824306500 23.966535940 18.889999
OBJECT 23 32.824598594 23.966735663 78.690002
OBJECT 23 32.824681185 23.966746707 81.870003
OBJECT 23 32.824530103 23.966730140 78.690002
OBJECT 23 32.824317579 23.966560790 5.910000
OBJECT 23 32.824242038 23.966465991 69.150002
OBJECT 23 32.824102035 23.966465070 113.750000
OBJECT 23 32.824010378 23.966581959 168.229996
OBJECT 23 32.823984190 23.966714494 163.300003
OBJECT 23 32.823960017 23.966828621 177.949997
OBJECT 23 32.824131244 23.966956554 90.000000
OBJECT 23 32.824020450 23.966948271 93.470001
OBJECT 23 32.823939872 23.966947351 135.000000
OBJECT 23 32.823916706 23.967070682 168.229996
OBJECT 23 32.823902605 23.967187570 170.839996
OBJECT 23 32.823880445 23.967308140 169.509995
OBJECT 23 32.823851236 23.967488535 172.410004
OBJECT 23 32.823824040 23.967662487 163.740005
OBJECT 23 32.823794830 23.967814350 167.910004
OBJECT 23 32.823785765 23.967882459 174.809998
OBJECT 23 32.823767635 23.967998427 170.130005
OBJECT 23 32.823740439 23.968175140 167.910004
OBJECT 23 32.823704178 23.968372102 167.470001
OBJECT 23 32.823691084 23.968465061 164.479996
OBJECT 23 32.823673961 23.968560780 172.149994
OBJECT 23 32.823643744 23.968761424 173.289993
OBJECT 23 32.823622591 23.968897640 168.020004
OBJECT 23 32.823598939 23.969054287 175.240005
OBJECT 23 32.823569207 23.969195844 167.470001
OBJECT 23 32.823550069 23.969330220 177.270004
OBJECT 23 32.823530932 23.969446188 173.880005
OBJECT 23 32.823513808 23.969566758 174.559998
OBJECT 23 32.823530931 23.969663398 45.000000
OBJECT 23 32.823600431 23.969723223 61.189999
OBJECT 23 32.823707198 23.969734267 90.000000
OBJECT 23 32.823777705 23.969698373 138.369995
OBJECT 23 32.823813966 23.969588847 151.699997
OBJECT 23 32.823846198 23.969465516 168.110001
OBJECT 23 32.823872386 23.969330220 166.759995
OBJECT 23 32.823896560 23.969209650 164.050003
OBJECT 23 32.823888502 23.969102885 124.290001
OBJECT 23 32.823934835 23.968952863 170.910004
OBJECT 23 32.823961023 23.968799159 175.360001
OBJECT 23 32.823966059 23.968661102 223.669998
OBJECT 23 32.823919726 23.968501876 174.809998
OBJECT 23 32.823936849 23.968397873 171.250000
OBJECT 23 32.823996276 23.968121758 176.630005
OBJECT 23 32.824024478 23.967943204 215.539993
OBJECT 23 32.824041601 23.967847484 116.570000
OBJECT 23 32.824132252 23.967760968 181.850006
OBJECT 23 32.824172541 23.967498659 182.389999
OBJECT 23 32.824199736 23.967273166 173.990005
OBJECT 23 32.824244054 23.967008096 188.750000
OBJECT 23 32.824408232 23.966985086 261.380005
OBJECT 23 32.823941397 23.966424421 332.589996
OBJECT 24 32.822794884 23.969630973 350.040009
OBJECT 24 32.822757436 23.969627979 78.040001
OBJECT 25 32.823264396 23.969957337 171.070007
OBJECT 26 32.823332740 23.969882483 165.509995
OBJECT 27 32.823035024 23.969509495 356.549988
OBJECT 28 32.822814546 23.969570662 356.820007
OBJECT 28 32.822856125 23.969520029 85.709999
OBJECT 28 32.822811205 23.969513510 88.070000
OBJECT 28 32.822814640 23.969492263 84.860001
OBJECT 28 32.822812912 23.969474990 87.660004
OBJECT 29 32.822833894 23.969441866 87.230003
OBJECT 29 32.822979189 23.969377988 225.970001
OBJECT 30 32.823447296 23.970046810 349.109985
OBJECT 30 32.823353538 23.970013030 168.690002
OBJECT 31 32.823156142 23.969489502 168.690002
OBJECT 32 32.822921683 23.969552190 84.290001
OBJECT 33 32.822911128 23.969570789 159.779999
OBJECT 33 32.822947315 23.969576300 161.570007
OBJECT 34 32.822932991 23.969570789 167.740005
OBJECT 35 32.823114980 23.969281874 350.399994
OBJECT 10 32.824916745 23.949798883 123.070000
BEGIN_POLYGON 4 10 3
BEGIN_WINDING
POLYGON_POINT 32.825815890 23.967323694 0.000000000
POLYGON_POINT 32.826503162 23.967427084 0.000000000
POLYGON_POINT 32.826184918 23.969276105 0.000000000
POLYGON_POINT 32.825536543 23.969182786 0.000000000
POLYGON_POINT 32.825559946 23.969039951 3.000000000
POLYGON_POINT 32.825581739 23.968892829 0.000000000
END_WINDING
END_POLYGON
OBJECT 36 32.824931318 23.949964412 169.690002
BEGIN_POLYGON 5 20 3
BEGIN_WINDING
POLYGON_POINT 32.825452302 23.955047709 0.000000000
POLYGON_POINT 32.826144274 23.955157863 1.000000000
POLYGON_POINT 32.826134397 23.955202583 1.000000000
POLYGON_POINT 32.826018188 23.955185695 1.000000000
POLYGON_POINT 32.825996343 23.955307788 1.000000000
POLYGON_POINT 32.825932397 23.955665197 1.000000000
POLYGON_POINT 32.825866859 23.956031506 1.000000000
POLYGON_POINT 32.825973814 23.956049678 1.000000000
POLYGON_POINT 32.825967078 23.956090080 0.000000000
POLYGON_POINT 32.825259294 23.955950577 1.000000000
POLYGON_POINT 32.825270735 23.955900563 1.000000000
POLYGON_POINT 32.825416164 23.955931353 1.000000000
POLYGON_POINT 32.825576590 23.955106326 1.000000000
POLYGON_POINT 32.825446425 23.955084572 1.000000000
END_WINDING
END_POLYGON
OBJECT 37 32.826146605 23.955361256 348.630005
BEGIN_POLYGON 3 12 3
BEGIN_WINDING
POLYGON_POINT 32.825996343 23.955307788 2.000000000
POLYGON_POINT 32.826145070 23.955329346 2.000000000
POLYGON_POINT 32.826071219 23.955683231 2.000000000
POLYGON_POINT 32.826042620 23.955679516 1.000000000
POLYGON_POINT 32.825958456 23.955668583 2.000000000
POLYGON_POINT 32.825932397 23.955665197 2.000000000
END_WINDING
END_POLYGON
OBJECT 4 32.823538829 23.949311001 254.479996
OBJECT 4 32.823474984 23.949567125 264.290009
OBJECT 4 32.823008591 23.952168316 250.820007
OBJECT 4 32.822972849 23.952381019 265.029999
OBJECT 4 32.820089753 23.968827246 257.470001
OBJECT 4 32.820047625 23.969059930 266.420013
OBJECT 4 32.818216039 23.979651802 258.690002
OBJECT 4 32.818249064 23.979433753 260.540009
OBJECT 4 32.818768039 23.976433099 264.429993
OBJECT 4 32.818809189 23.976220033 263.660004
FILTER -1
OBJECT_DEF lib/airport/Common_Elements/Parking/Bollard.obj
OBJECT_DEF lib/airport/Common_Elements/Parking/4space_wStop.obj
OBJECT_DEF lib/airport/Common_Elements/Miscellaneous/Tree.obj
OBJECT_DEF lib/airport/Common_Elements/Miscellaneous/Hangar_Construct.agp
OBJECT_DEF lib/airport/lights/slow/rway_guard.obj
OBJECT_DEF lib/airport/Classic_Airports/Facades/aCLTerm2_chairs.obj
OBJECT_DEF lib/g10/global_objects/rubbish_bin.obj
OBJECT_DEF lib/airport/Common_Elements/Miscellaneous/Term2_AC_onRoof.obj
OBJECT_DEF lib/airport/Common_Elements/Miscellaneous/AC_Cond_noFence.obj
OBJECT_DEF lib/airport/Modern_Airports/Control_Towers/Modern_Tower_3.agp
OBJECT_DEF lib/airport/Common_Elements/vehicles/Large_Fuel_Truck.obj
OBJECT_DEF lib/airport/Common_Elements/vehicles/Small_Fuel_Truck.obj
OBJECT_DEF lib/airport/landscape/apron_light.obj
OBJECT_DEF lib/airport/Common_Elements/Lighting/Dir_Ramp_Lit_Short.obj
OBJECT_DEF lib/airport/Common_Elements/Lighting/Dir_Ramp_Lit_Med.obj
OBJECT_DEF lib/airport/Common_Elements/Lighting/Dir_Ramp_Lit_Tall.obj
OBJECT_DEF lib/airport/Ramp_Equipment/Ramp_Parking_Stripe.obj
OBJECT_DEF lib/airport/Common_Elements/Misc_Buildings/Fire_Station_Sm.agp
OBJECT_DEF lib/airport/Common_Elements/Misc_Buildings/Fire_Station_Lg.agp
OBJECT_DEF lib/cars/car_static_invar.obj
OBJECT_DEF lib/cars/police_car.obj
OBJECT_DEF lib/cars/car_or_truck.obj
OBJECT_DEF lib/cars/car.obj
OBJECT_DEF lib/airport/Common_Elements/Lighting/Omni_Parking_Lit.obj
OBJECT_DEF lib/airport/Ramp_Equipment/GPU_1.obj
OBJECT_DEF lib/airport/Ramp_Equipment/Lugg_Cart_Group.obj
OBJECT_DEF lib/airport/Ramp_Equipment/Lugg_Train_3.obj
OBJECT_DEF lib/airport/Ramp_Equipment/Lugg_Train_Straight2.obj
OBJECT_DEF lib/airport/Ramp_Equipment/Luggage_Cart.obj
OBJECT_DEF lib/airport/Ramp_Equipment/Luggage_Truck.obj
OBJECT_DEF lib/airport/Common_Elements/Vehicles/Cargo_Truck_Long.agp
OBJECT_DEF lib/airport/Ramp_Equipment/Cargo_Pallete_Pkng.agp
OBJECT_DEF lib/airport/Ramp_Equipment/Cargo_Palette_3.obj
OBJECT_DEF lib/airport/Ramp_Equipment/Cargo_Palette_2.obj
OBJECT_DEF lib/airport/Ramp_Equipment/Cargo_Palette_1.obj
OBJECT_DEF lib/airport/Vintage_Airports/Hangars/Lg_Open_Ends.obj
OBJECT_DEF lib/airport/Common_Elements/Fueling_Stations/Covered_Station.agp
OBJECT_DEF lib/airport/Common_Elements/Parking_Items/Row_of_Cars_10.agp
POLYGON_DEF lib/airport/lines/54_double_hold_b.lin
POLYGON_DEF lib/airport/Classic_Airports/Facades/classic3.fac
POLYGON_DEF lib/airport/Classic_Airports/Facades/classic2.fac
POLYGON_DEF lib/airport/Common_Elements/Misc_Buildings/White_Office.fac
POLYGON_DEF lib/airport/Common_Elements/Fence_Facades/Fenced_Parking.fac
POLYGON_DEF lib/airport/Common_Elements/Hangars/White_Hangar.fac
PROPERTY sim/filter/aptid HESN
PROPERTY sim/exclude_obj 32.815585/23.943182/32.827841/23.983364
PROPERTY sim/exclude_fac 32.815585/23.943182/32.827841/23.983364
PROPERTY sim/exclude_for 32.815585/23.943182/32.827841/23.983364
PROPERTY sim/exclude_bch 32.815585/23.943182/32.827841/23.983364
PROPERTY sim/exclude_net 32.815585/23.943182/32.827841/23.983364
PROPERTY sim/exclude_lin 32.815585/23.943182/32.827841/23.983364
PROPERTY sim/exclude_pol 32.815585/23.943182/32.827841/23.983364
PROPERTY sim/exclude_str 32.815585/23.943182/32.827841/23.983364
PROPERTY sim/require_agpoint 1/0
PROPERTY sim/require_object 1/0
PROPERTY sim/require_facade 1/1
PROPERTY sim/require_facade 6/0
