I
1130 Generated by WorldEditor 2.2.0r2

1    298 1 0 HEAZ Almaza AFB
1302 city Cairo
1302 country Egypt
1302 datum_lat 30.091944444
1302 datum_lon 31.359722222
1302 faa_code 
1302 gui_label 2D
1302 iata_code 
1302 icao_code HEAZ
1302 region_code HE
1302 state Cairo Governorate
1302 transition_alt 4500
1302 transition_level 6000
100 45.11 1 0 0.25 0 2 0 18  30.10197939  031.35995411    0   94 3 7 0 0 36  30.08349038  031.35962188  175  196 2 7 0 0
100 49.99 1 0 0.25 0 0 0 05  30.08842704  031.35571063    0    0 2 0 0 0 23  30.09561317  031.36422408    0    0 2 0 0 0
110 2 0.00 0.0000 New Taxiway 1
111  30.09594730  031.36119408
111  30.09563882  031.36114686
111  30.09559223  031.36155359
113  30.09590070  031.36160080
110 2 0.00 0.0000 New Taxiway 4
111  30.08441497  031.35989808
111  30.08441396  031.35993483
111  30.08448598  031.35993675
112  30.08446298  031.36016924  30.08445960  031.36036849
112  30.08463707  031.36069275  30.08469623  031.36077284
111  30.08526167  031.36147223
111  30.08553911  031.36117061
111  30.08543600  031.36098699
112  30.08513931  031.36079965  30.08504128  031.36069416
111  30.08502775  031.36043045
112  30.08509874  031.36013939  30.08517143  031.36001437
111  30.08524749  031.35997921
113  30.08524681  031.35991707
110 2 0.00 0.0000 New Taxiway 74
111  30.09662597  031.36340423
111  30.09642301  031.36337947
111  30.09639871  031.36364553
113  30.09660168  031.36367029
110 2 0.00 0.0000 New Taxiway 74
111  30.09290391  031.36248196
111  30.09275669  031.36246400
111  30.09274115  031.36263415
113  30.09288837  031.36265211
110 2 0.00 0.0000 New Taxiway 74
111  30.09363490  031.36489444
111  30.09348768  031.36487648
111  30.09347214  031.36504663
113  30.09361936  031.36506459
110 2 0.00 0.0000 New Taxiway 74
111  30.09369845  031.36433595
111  30.09355123  031.36431798
111  30.09353570  031.36448814
113  30.09368291  031.36450610
110 2 0.00 0.0000 New Taxiway 74
111  30.09376055  031.36373674
111  30.09361333  031.36371878
111  30.09359779  031.36388894
113  30.09374501  031.36390690
110 2 0.00 0.0000 New Taxiway 74
111  30.09326820  031.36361584
111  30.09312098  031.36359788
111  30.09310544  031.36376804
113  30.09325266  031.36378600
110 2 0.00 0.0000 New Taxiway 74
111  30.09276486  031.36352535
111  30.09261764  031.36350739
111  30.09260210  031.36367754
113  30.09274932  031.36369550
110 2 0.00 0.0000 New Taxiway 73
111  30.09173163  031.36276152
111  30.09144989  031.36275750
111  30.09145085  031.36266676
111  30.08979634  031.36264320
111  30.08979367  031.36289371
113  30.09172993  031.36292129
110 2 0.00 0.0000 New Taxiway 72
111  30.09064898  031.36347954
111  30.08971683  031.36345896
111  30.08934178  031.36385575
111  30.08974630  031.36433055
111  30.08977753  031.36428658
111  30.09008327  031.36465690
111  30.09014869  031.36458901
111  30.09097590  031.36561896
111  30.09194944  031.36676335
111  30.09221325  031.36706568
111  30.09231338  031.36715183
111  30.09229336  031.36718012
112  30.09243910  031.36722641  30.09251587  031.36720584
112  30.09261665  031.36709314  30.09267592  031.36704870
112  30.09297748  031.36703261  30.09316896  031.36704860
111  30.09334429  031.36707794
112  30.09347579  031.36707794  30.09348733  031.36707794
111  30.09353578  031.36705394
111  30.09354501  031.36682729
111  30.09343196  031.36681663
112  30.09307437  031.36697395  30.09283213  031.36696061
111  30.09254735  031.36689141
112  30.09218705  031.36664137  30.09205354  031.36646854
112  30.09199079  031.36625097  30.09195875  031.36613679
111  30.09195608  031.36597631
111  30.09190935  031.36639448
111  30.09143321  031.36581574
111  30.09159111  031.36448284
111  30.09115312  031.36441922
111  30.09120516  031.36349383
111  30.09103694  031.36348920
111  30.09097766  031.36438827
113  30.09058739  031.36434605
110 2 0.00 0.0000 New Taxiway 71
111  30.08850491  031.36451456
111  30.08752823  031.36358486
111  30.08728950  031.36391984
113  30.08826617  031.36484954
110 2 0.00 0.0000 New Taxiway 71
111  30.08727978  031.36342357
111  30.08679460  031.36297056
111  30.08659551  031.36325536
113  30.08708070  031.36370837
110 2 0.00 0.0000 New Taxiway 13
111  30.10299192  031.36192323
111  30.10119727  031.36189411
111  30.10119349  031.36220597
113  30.10298813  031.36223508
110 2 0.00 0.0000 New Taxiway 75
111  30.10099532  031.36221859
111  30.10059346  031.36220315
111  30.10058425  031.36252347
113  30.10098611  031.36253890
110 1 0.00 0.0000 New Taxiway 15
111  30.09544937  031.36440073
111  30.09630009  031.36535783
111  30.09636876  031.36542778
111  30.09605435  031.36553546
112  30.09577154  031.36565659  30.09570000  031.36570081
111  30.09560204  031.36575294
111  30.09561683  031.36578926
112  30.09594788  031.36563736  30.09609094  031.36559698
111  30.09639039  031.36560468
112  30.09657361  031.36565120  30.09660637  031.36566201
111  30.09663111  031.36567824
111  30.09665451  031.36561101
112  30.09659138  031.36556324  30.09656924  031.36553987
111  30.09654710  031.36553319
111  30.09649319  031.36548980
111  30.09652399  031.36544195
111  30.09553141  031.36439677
112  30.09557875  031.36436710  30.09559319  031.36435226
112  30.09561565  031.36432630  30.09563571  031.36431239
112  30.09566058  031.36429106  30.09566780  031.36427901
112  30.09568464  031.36424748  30.09569908  031.36422152
112  30.09570791  031.36419833  30.09571353  031.36419277
112  30.09572877  031.36417052  30.09573438  031.36416866
112  30.09575043  031.36416495  30.09575845  031.36416495
112  30.09580017  031.36417701  30.09581140  031.36418072
112  30.09585166  031.36418303  30.09586370  031.36416820
112  30.09584364  031.36412832  30.09582920  031.36411349
112  30.09578427  031.36407269  30.09577786  031.36407176
112  30.09576903  031.36406527  30.09576743  031.36405136
112  30.09576743  031.36402725  30.09576502  031.36402447
111  30.09575780  031.36399480
112  30.09614674  031.36371615  30.09630847  031.36362935
111  30.09639704  031.36364827
111  30.09643074  031.36337565
111  30.09638453  031.36335451
112  30.09615724  031.36355939  30.09593599  031.36369399
111  30.09566700  031.36386966
112  30.09564694  031.36387353  30.09564360  031.36387353
113  30.09562689  031.36387121
110 1 0.00 0.0000 New Taxiway 2
111  30.09564021  031.36114824
111  30.09561643  031.36114170
112  30.09537041  031.36125505  30.09522392  031.36123877
111  30.09489733  031.36118044
112  30.09481845  031.36112834  30.09478183  031.36109415
112  30.09472887  031.36101888  30.09471811  031.36099513
111  30.09469953  031.36096800
111  30.09464475  031.36145867
112  30.09494211  031.36129021  30.09508395  031.36130830
112  30.09555194  031.36141709  30.09558011  031.36142795
111  30.09558128  031.36148764
113  30.09560006  031.36151884
110 1 0.00 0.0000 New Taxiway 13
111  30.09206063  031.36038365
112  30.09210684  031.36050381  30.09214958  031.36058393
112  30.09221543  031.36080557  30.09223507  031.36091105
112  30.09223881  031.36145798  30.09220554  031.36163295
111  30.09211477  031.36223496
112  30.09196664  031.36246937  30.09187082  031.36254320
111  30.09173906  031.36263549
111  30.09170580  031.36260815
112  30.09162076  031.36248390  30.09162958  031.36238747
111  30.09163680  031.36217421
111  30.09152369  031.36216820
111  30.09151281  031.36252619
111  30.09149756  031.36253420
112  30.09147399  031.36260470  30.09146567  031.36262232
111  30.09143795  031.36265597
111  30.08980206  031.36263320
111  30.08981265  031.36254530
111  30.08707122  031.36194328
111  30.08700195  031.36228329
112  30.08681064  031.36237782  30.08667894  031.36228970
111  30.08634042  031.36202148
112  30.08612282  031.36135472  30.08622663  031.36093714
111  30.08626538  031.36079861
111  30.08612345  031.36076498
112  30.08597311  031.36129082  30.08594769  031.36137627
111  30.08584257  031.36152313
111  30.08582986  031.36152714
111  30.08552371  031.36117199
111  30.08526403  031.36144336
111  30.08556894  031.36178987
111  30.08597790  031.36212151
111  30.08585036  031.36232178
112  30.08589726  031.36249308  30.08598217  031.36254562
112  30.08607844  031.36244827  30.08611187  031.36240422
111  30.08616869  031.36231692
112  30.08624433  031.36232775  30.08628187  031.36236002
111  30.08657757  031.36261115
112  30.08659952  031.36277003  30.08660761  031.36279807
111  30.08667663  031.36313255
111  30.08659483  031.36324470
111  30.08730205  031.36394609
111  30.08829380  031.36490044
111  30.08854056  031.36455598
111  30.08859601  031.36459923
111  30.08912908  031.36386294
111  30.08924486  031.36374297
111  30.08948813  031.36406690
111  30.09059774  031.36436259
111  30.09143041  031.36582073
111  30.09191264  031.36640374
111  30.09196473  031.36593291
111  30.09225901  031.36345953
112  30.09270300  031.36302814  30.09295853  031.36297968
112  30.09355247  031.36303278  30.09375376  031.36307124
111  30.09400102  031.36329275
111  30.09363527  031.36630750
111  30.09425345  031.36635757
111  30.09465713  031.36356365
111  30.09469660  031.36353695
113  30.09474632  031.36356531
112  30.09313080  031.36172127  30.09343318  031.36193898
112  30.09310395  031.36264718  30.09278963  031.36284099
114  30.09242359  031.36215735  30.09243553  031.36174583
110 1 0.00 0.0000 New Taxiway 3
111  30.09505441  031.36319701
112  30.09505019  031.36295281  30.09506427  031.36283559
112  30.09520372  031.36274930  30.09527696  031.36268581
112  30.09562369  031.36238483  30.09569427  031.36233420
112  30.09572348  031.36231732  30.09574539  031.36230044
112  30.09584031  031.36226949  30.09587682  031.36226105
112  30.09594254  031.36221323  30.09598879  031.36218228
112  30.09604477  031.36218509  30.09607885  031.36218509
112  30.09621758  031.36209507  30.09627843  031.36206412
112  30.09651334  031.36207964  30.09654742  031.36207964
112  30.09663504  031.36207401  30.09665451  031.36206838
112  30.09678108  031.36204588  30.09680542  031.36204588
112  30.09691252  031.36205150  30.09697093  031.36205713
112  30.09710237  031.36204588  30.09723137  031.36204588
112  30.09733116  031.36206276  30.09742365  031.36207401
112  30.09844579  031.36210032  30.09870867  031.36212058
111  30.09885471  031.36219147
111  30.09889268  031.36212396
112  30.09855678  031.36202605  30.09834649  031.36198217
112  30.09685130  031.36194932  30.09619588  031.36193312
112  30.09565450  031.36223461  30.09543138  031.36234011
112  30.09501153  031.36279418  30.09493970  031.36288046
113  30.09475912  031.36285279
110 1 0.00 0.0000 New Taxiway 12
111  30.09059130  031.35620728
111  30.09289640  031.35366947
112  30.09325517  031.35361017  30.09346977  031.35360056
112  30.09475009  031.35357772  30.09486188  031.35357772
111  30.09516731  031.35362156
111  30.09484720  031.35638874
112  30.09479496  031.35644008  30.09477758  031.35645013
111  30.09471405  031.35648288
111  30.09532838  031.35649042
111  30.09524871  031.35639769
111  30.09558247  031.35374408
111  30.09603829  031.35395174
112  30.09628450  031.35420939  30.09636934  031.35436514
111  30.09736770  031.35636764
112  30.09739343  031.35647294  30.09736616  031.35648963
111  30.09735332  031.35649427
111  30.09794129  031.35650467
112  30.09761024  031.35622971  30.09749379  031.35597975
111  30.09657396  031.35409583
112  30.09657881  031.35398154  30.09662828  031.35394522
111  30.09663423  031.35394256
111  30.09651821  031.35376393
112  30.09646739  031.35380135  30.09644176  031.35380457
111  30.09638549  031.35376529
112  30.09598980  031.35352696  30.09580348  031.35344428
112  30.09500796  031.35326370  30.09463199  031.35323486
111  30.09421845  031.35326986
111  30.09391661  031.35327714
112  30.09371348  031.35310244  30.09365956  031.35299451
111  30.09368845  031.35280647
111  30.09430573  031.35194517
112  30.09444205  031.35190779  30.09453100  031.35189443
112  30.09488027  031.35178402  30.09500670  031.35170904
111  30.09540762  031.35138986
111  30.09533109  031.35126488
111  30.09531113  031.35127834
111  30.09512481  031.35101877
111  30.09528973  031.35083373
112  30.09537757  031.35065145  30.09537757  031.35062146
111  30.09539154  031.35059608
111  30.09563360  031.35087863
111  30.09649449  031.34998935
112  30.09551288  031.34912983  30.09529995  031.34890294
112  30.09493400  031.34842623  30.09485498  031.34824678
112  30.09487300  031.34810417  30.09487855  031.34799682
111  30.09490472  031.34786418
111  30.09484117  031.34709405
111  30.09431455  031.34649247
111  30.09404744  031.34646603
111  30.09379125  031.34655063
112  30.09364485  031.34664292  30.09361158  031.34667945
111  30.09353340  031.34674290
111  30.09390110  031.34788764
112  30.09393715  031.34827219  30.09393299  031.34843723
111  30.09391980  031.34937213
111  30.09407751  031.34938367
111  30.09400964  031.34983359
111  30.09387988  031.35001817
111  30.09374812  031.34999741
111  30.09354126  031.35029394
111  30.09244847  031.35097580
111  30.09242074  031.35098603
111  30.09237822  031.35096563
111  30.09224396  031.35117443
112  30.09218219  031.35117906  30.09214609  031.35114383
111  30.09202976  031.35103163
112  30.09199205  031.35092593  30.09199045  031.35087400
111  30.09184194  031.35118209
112  30.09193740  031.35117467  30.09197832  031.35120805
111  30.09208036  031.35129903
112  30.09208036  031.35144804  30.09202491  031.35153937
111  30.09197388  031.35160676
111  30.09149311  031.35163175
111  30.09143489  031.35149524
111  30.09135670  031.35137603
112  30.09138509  031.35132602  30.09139760  031.35131044
111  30.09150350  031.35119472
112  30.09153238  031.35117025  30.09153720  031.35117025
111  30.09156319  031.35118916
111  30.09143804  031.35096106
112  30.09136872  031.35108457  30.09129267  031.35117025
111  30.09085119  031.35165413
112  30.09077714  031.35165382  30.09074344  031.35161153
111  30.09011592  031.35134461
111  30.08972823  031.35174642
112  30.08973784  031.35179832  30.08974062  031.35182622
112  30.08977869  031.35186754  30.08978937  031.35188149
111  30.08994412  031.35208659
111  30.08960175  031.35243365
111  30.08907606  031.35176648
111  30.08750302  031.35342951
111  30.08772001  031.35366451
111  30.08779321  031.35358761
111  30.08798286  031.35381832
111  30.08840873  031.35333959
112  30.08855513  031.35330306  30.08859838  031.35334536
112  30.08851354  031.35346648  30.08846030  031.35352224
111  30.08741292  031.35475202
112  30.08734735  031.35496634  30.08734319  031.35510573
112  30.08728845  031.35547033  30.08724686  031.35562222
111  30.08718697  031.35576257
111  30.08739824  031.35596829
111  30.08755129  031.35578564
112  30.08790734  031.35570210  30.08804875  031.35573094
111  30.08826687  031.35589302
111  30.08858242  031.35554089
112  30.08844643  031.35524450  30.08841982  031.35505416
112  30.08851934  031.35473684  30.08858865  031.35465833
111  30.08925582  031.35391651
112  30.08985470  031.35367426  30.09017611  031.35366503
111  30.09080794  031.35366176
112  30.09120920  031.35384633  30.09131700  031.35401476
112  30.09142653  031.35436013  30.09142985  031.35450818
112  30.09131499  031.35472155  30.09121118  031.35482538
113  30.09027445  031.35585307
110 1 0.00 0.0000 New Taxiway 2
111  30.10320085  031.36099303
111  30.10127145  031.36095863
112  30.10107236  031.36081136  30.10104669  031.36068247
111  30.10096828  031.36027726
112  30.10101374  031.36019844  30.10106656  031.36020230
111  30.10280249  031.36024237
112  30.10284100  031.36019897  30.10284196  031.36014778
111  30.10284389  031.35974161
112  30.10279960  031.35970600  30.10275628  031.35970934
111  30.10098910  031.35969702
112  30.10091978  031.35956571  30.10091786  031.35943441
111  30.10094055  031.35752795
112  30.09999502  031.35649935  30.09898649  031.35650489
111  30.09043649  031.35645450
112  30.09041123  031.35640108  30.09047541  031.35633617
111  30.09059211  031.35620760
111  30.09027442  031.35585244
111  30.08975923  031.35643030
112  30.08953497  031.35647347  30.08944015  031.35647154
111  30.08935982  031.35642162
111  30.08933475  031.35642226
111  30.08872503  031.35641779
112  30.08870198  031.35644820  30.08867459  031.35644766
111  30.08730712  031.35643805
112  30.08719852  031.35642069  30.08715924  031.35640600
111  30.08710379  031.35636728
111  30.08739754  031.35596251
111  30.08718626  031.35576063
112  30.08709809  031.35590867  30.08704985  031.35596828
111  30.08701824  031.35599327
111  30.08675520  031.35566784
111  30.08652531  031.35590550
112  30.08646292  031.35589749  30.08643289  031.35590550
111  30.08640401  031.35591618
111  30.08636704  031.35587746
111  30.08450798  031.35786829
111  30.08380253  031.35702618
111  30.08290017  031.35786707
111  30.08373861  031.35891908
112  30.08362372  031.35912680  30.08358907  031.35921171
111  30.08354470  031.35932546
111  30.08353777  031.35935430
111  30.08175665  031.35932852
112  30.08171012  031.35939527  30.08171173  031.35946203
111  30.08170569  031.35979216
112  30.08174340  031.35983944  30.08178271  031.35983944
111  30.08349641  031.35987271
111  30.08535868  031.35992998
112  30.08609574  031.36000359  30.08628339  031.36010510
112  30.08624746  031.36030812  30.08622151  031.36041656
111  30.08612369  031.36076493
111  30.08626543  031.36079954
111  30.08641115  031.36023891
112  30.08641691  031.36019740  30.08641803  031.36017938
112  30.08649048  031.36001619  30.08652513  031.35996612
111  30.08656268  031.35993163
111  30.09033141  031.35999708
111  30.09157778  031.36002480
112  30.09175800  031.36010171  30.09181207  031.36013215
111  30.09191189  031.36020746
111  30.09266583  031.36038547
112  30.09265702  031.36019408  30.09266510  031.36011663
111  30.09274597  031.36004720
111  30.09396221  031.36008483
112  30.09423171  031.36030595  30.09431988  031.36046938
112  30.09431655  031.36089238  30.09429326  031.36103466
111  30.09424355  031.36146573
112  30.09414110  031.36163357  30.09406254  031.36169899
112  30.09392969  031.36174706  30.09387192  031.36172970
111  30.09381763  031.36168164
111  30.09378759  031.36170166
111  30.09473844  031.36282713
112  30.09457330  031.36217801  30.09460444  031.36186791
111  30.09474488  031.36062978
112  30.09489627  031.36028176  30.09503102  031.36012794
112  30.09510921  031.36010871  30.09512584  031.36008949
111  30.09514913  031.36008564
111  30.10070293  031.36020359
112  30.10074240  031.36024477  30.10075396  031.36028928
111  30.10084251  031.36069539
111  30.10085083  031.36087966
112  30.10078013  031.36094856  30.10072883  031.36094536
111  30.09967227  031.36091132
112  30.09924766  031.36103447  30.09913454  031.36118284
112  30.09908457  031.36151364  30.09908341  031.36165652
111  30.09909150  031.36199835
112  30.09925290  031.36231211  30.09939153  031.36241092
112  30.09966755  031.36245192  30.09986972  031.36245593
111  30.10014593  031.36246084
111  30.10059094  031.36248648
111  30.10058955  031.36252975
111  30.10067689  031.36254096
111  30.10067966  031.36264031
111  30.10094029  031.36268358
112  30.10100683  031.36262909  30.10101792  031.36259705
111  30.10102346  031.36256660
111  30.10191688  031.36257067
111  30.10239864  031.36313932
111  30.10281157  031.36275151
111  30.10300189  031.36296532
111  30.10301991  031.36296212
112  30.10308641  031.36303812  30.10309801  031.36305475
111  30.10310869  031.36306602
111  30.10318019  031.36299680
111  30.10311751  031.36290878
112  30.10312587  031.36284814  30.10315326  031.36281970
111  30.10317508  031.36279931
111  30.10304044  031.36264422
111  30.10315408  031.36258515
112  30.10323030  031.36243523  30.10330651  031.36235718
111  30.10357687  031.36198274
112  30.10368036  031.36198274  30.10373652  031.36204672
111  30.10375497  031.36207547
111  30.10373572  031.36165168
111  30.10324467  031.36226617
112  30.10318787  031.36230067  30.10316862  031.36229177
113  30.10315899  031.36226506
112  30.10067410  031.35760793  30.10067179  031.35765467
111  30.10058745  031.35771075
111  30.10039106  031.35770140
112  30.10036449  031.35768271  30.10034600  031.35767203
112  30.10021661  031.35778152  30.10021315  031.35791906
112  30.10036680  031.35785497  30.10038066  031.35784161
111  30.10044073  031.35783360
112  30.10054933  031.35783761  30.10061749  031.35784028
111  30.10067063  031.35790704
112  30.10066373  031.35909838  30.10065798  031.35959013
111  30.10014768  031.35965135
111  30.09824568  031.35961367
112  30.09801278  031.35949830  30.09783977  031.35935793
111  30.09783266  031.35920501
111  30.09779319  031.35917830
111  30.09779319  031.35914603
112  30.09782568  031.35744192  30.09784006  031.35680785
111  30.09830958  031.35680785
112  30.10007431  031.35681534  30.10065882  031.35680703
113  30.10067501  031.35744106
112  30.09753626  031.35915325  30.09753028  031.35945552
111  30.09708701  031.35959872
111  30.09500076  031.35957356
112  30.09498745  031.35955048  30.09498246  031.35953895
111  30.09495584  031.35951395
111  30.09489429  031.35938513
112  30.09515912  031.35707272  30.09517021  031.35695575
111  30.09520626  031.35691088
111  30.09530884  031.35678911
111  30.09753134  031.35680870
114  30.09757274  031.35704905  30.09757370  031.35711915
112  30.10099060  031.36168828  30.10098783  031.36183410
111  30.10099615  031.36215618
111  30.10059273  031.36215938
111  30.10058857  031.36224271
111  30.10014597  031.36222599
112  30.09959499  031.36221445  30.09934745  031.36220753
111  30.09928757  031.36191911
112  30.09929755  031.36150608  30.09930354  031.36117843
111  30.09951072  031.36115558
111  30.10087060  031.36117852
114  30.10095045  031.36128813  30.10096543  031.36135735
112  30.10274650  031.36120869  30.10280600  031.36120869
112  30.10283743  031.36140961  30.10283876  031.36150002
111  30.10274167  031.36155027
112  30.10133849  031.36152099  30.10125088  031.36152099
112  30.10117194  031.36130288  30.10114210  031.36114932
113  30.10132056  031.36118181
111  30.09468431  031.35678602
112  30.09475451  031.35689342  30.09476855  031.35692588
111  30.09477601  031.35698571
111  30.09449616  031.35937713
111  30.09445962  031.35939430
112  30.09439724  031.35947574  30.09437760  031.35950378
111  30.09430713  031.35955452
111  30.09218286  031.35951377
112  30.09199802  031.35947772  30.09194719  031.35945903
111  30.09182473  031.35935355
111  30.09017905  031.35740793
112  30.09004941  031.35723614  30.08994890  031.35709862
111  30.09001706  031.35683291
113  30.09008175  031.35676615
112  30.09095343  031.35908415  30.09098925  031.35912821
112  30.09097307  031.35935519  30.09094073  031.35945266
111  30.09085293  031.35948337
111  30.08837598  031.35945460
112  30.08815556  031.35925913  30.08807792  031.35911653
111  30.08823735  031.35886339
112  30.08931548  031.35769404  30.08953960  031.35746840
113  30.08975217  031.35766200
111  30.08730798  031.35918212
111  30.08705013  031.35941283
111  30.08585315  031.35940455
112  30.08569345  031.35939302  30.08563156  031.35938610
112  30.08542395  031.35899158  30.08535008  031.35876780
111  30.08546276  031.35850800
111  30.08683664  031.35671771
112  30.08713749  031.35674283  30.08722997  031.35674669
111  30.08899636  031.35676585
111  30.08906968  031.35684920
112  30.08911011  031.35701610  30.08912648  031.35712291
113  30.08905620  031.35725086
112  30.08425177  031.35851872  30.08410205  031.35856678
111  30.08396480  031.35867092
111  30.08392322  031.35862125
111  30.08433356  031.35821431
113  30.08451101  031.35844823
112  30.08449336  031.35926551  30.08442867  031.35935096
111  30.08444253  031.35937366
112  30.08403357  031.35935630  30.08398042  031.35935630
112  30.08406707  031.35908260  30.08418953  031.35890103
112  30.08455703  031.35884568  30.08470914  031.35881787
113  30.08478038  031.35891911
110 1 0.00 0.0000 New Taxiway 85
111  30.10322794  031.36420412
111  30.10304530  031.36457301
112  30.10268771  031.36518634  30.10256851  031.36534189
111  30.10220053  031.36583180
112  30.10115081  031.36708215  30.10077431  031.36750454
111  30.09944061  031.36883249
111  30.09947933  031.36888805
112  30.10069315  031.36767559  30.10125459  031.36710345
112  30.10261912  031.36540781  30.10300209  031.36493581
113  30.10329070  031.36424188
110 1 0.00 0.0000 New Taxiway 83
111  30.09810326  031.35452786
112  30.09836657  031.35482684  30.09851584  031.35491257
111  30.09876692  031.35488626
112  30.10002120  031.35476231  30.10022368  031.35474688
111  30.10030997  031.35494312
111  30.10184523  031.35766903
112  30.10211224  031.35799568  30.10223351  031.35809727
111  30.10240938  031.35811494
112  30.10330690  031.35817892  30.10343818  031.35818920
112  30.10364957  031.35833452  30.10374414  031.35840268
111  30.10386146  031.35859919
112  30.10454815  031.35988913  30.10465830  031.36009104
111  30.10458487  031.36016562
111  30.10460712  031.36017849
112  30.10470614  031.36018234  30.10475064  031.36023507
112  30.10472172  031.36050642  30.10468945  031.36062731
111  30.10458381  031.36072273
112  30.10373521  031.36165610  30.10361217  031.36180055
111  30.10375202  031.36207768
112  30.10436912  031.36278501  30.10443000  031.36285723
112  30.10448607  031.36305723  30.10451171  031.36324983
112  30.10409901  031.36351508  30.10399327  031.36358174
111  30.10349165  031.36376792
111  30.10345716  031.36364960
111  30.10337706  031.36364960
111  30.10339486  031.36370876
111  30.10334702  031.36365475
111  30.10327918  031.36388623
112  30.10330545  031.36394606  30.10329463  031.36396482
111  30.10324210  031.36393624
111  30.10319033  031.36403805
112  30.10324750  031.36406484  30.10327377  031.36407377
112  30.10328691  031.36408092  30.10328923  031.36409253
111  30.10327686  031.36410146
111  30.10322124  031.36420595
111  30.10328691  031.36425328
112  30.10335026  031.36411575  30.10340357  031.36400590
111  30.10342266  031.36404450
111  30.10350276  031.36410494
111  30.10361818  031.36396675
112  30.10357733  031.36389907  30.10356660  031.36388201
111  30.10358180  031.36386599
111  30.10363932  031.36383271
112  30.10402827  031.36364238  30.10418015  031.36356905
112  30.10446885  031.36332306  30.10465977  031.36315176
112  30.10454643  031.36285779  30.10451861  031.36277652
111  30.10455681  031.36272795
112  30.10452359  031.36269669  30.10452205  031.36269401
112  30.10449191  031.36271991  30.10447723  031.36272527
111  30.10445305  031.36271409
112  30.10419963  031.36242091  30.10416893  031.36238233
111  30.10421219  031.36232944
111  30.10418816  031.36230166
112  30.10415612  031.36232173  30.10413610  031.36232636
111  30.10410405  031.36232018
112  30.10381835  031.36198222  30.10372889  031.36187728
111  30.10380232  031.36170752
112  30.10448145  031.36097917  30.10467294  031.36077917
112  30.10490325  031.36069250  30.10496670  031.36069250
111  30.10499746  031.36077472
111  30.10506859  031.36072583
111  30.10498476  031.36053742
112  30.10395022  031.35860354  30.10365031  031.35803554
111  30.10315759  031.35808315
112  30.10245587  031.35804537  30.10203676  031.35801870
111  30.10183302  031.35752217
112  30.10037011  031.35490494  30.10025793  031.35469919
112  30.10010720  031.35468468  30.10007716  031.35468340
111  30.10003600  031.35464610
111  30.09991362  031.35466153
112  30.09990583  031.35466668  30.09989915  031.35466925
111  30.09986244  031.35469240
112  30.09882092  031.35481085  30.09873655  031.35481514
112  30.09840835  031.35475513  30.09829709  031.35471440
113  30.09816524  031.35448593
112  30.10483020  031.36061245  30.10477689  031.36064460
112  30.10474367  031.36064282  30.10474058  031.36063746
112  30.10478230  031.36057316  30.10479620  031.36054636
112  30.10481938  031.36045527  30.10483329  031.36042222
111  30.10484333  031.36044455
113  30.10489896  031.36055887
110 1 0.00 0.0000 New Taxiway 77
111  30.09821053  031.35234252
112  30.09813665  031.35232184  30.09810125  031.35225595
111  30.09738371  031.35098540
112  30.09708387  031.35051583  30.09699950  031.35041617
111  30.09686785  031.35027901
112  30.09682781  031.35020324  30.09681403  031.35016965
112  30.09682744  031.35007447  30.09686060  031.35001719
111  30.09689600  031.34997666
111  30.09691612  031.34995961
111  30.09684816  031.34989346
111  30.09676276  031.34998235
112  30.09672744  031.34998183  30.09671403  031.34996684
111  30.09614906  031.34951673
111  30.09610076  031.34959726
111  30.09659886  031.34999446
112  30.09665025  031.35007205  30.09664981  031.35010978
111  30.09661448  031.35013716
111  30.09608161  031.35065144
112  30.09566605  031.35100549  30.09557426  031.35108157
111  30.09533101  031.35126569
111  30.09540513  031.35139124
111  30.09562295  031.35122752
111  30.09538703  031.35168057
111  30.09493409  031.35251276
111  30.09498527  031.35269922
111  30.09525451  031.35254748
111  30.09523337  031.35246518
111  30.09536430  031.35239907
111  30.09522708  031.35216654
112  30.09523450  031.35205402  30.09527530  031.35198437
111  30.09577110  031.35109579
112  30.09585632  031.35100679  30.09589302  031.35097033
111  30.09592135  031.35093610
112  30.09595737  031.35094231  30.09594321  031.35095645
111  30.09581766  031.35108594
111  30.09619633  031.35138882
111  30.09646233  031.35122857
111  30.09633840  031.35075554
111  30.09613013  031.35076172
111  30.09607673  031.35080801
112  30.09606138  031.35081633  30.09605816  031.35081137
111  30.09606996  031.35078843
111  30.09670925  031.35015890
112  30.09673321  031.35018926  30.09675020  031.35022677
112  30.09683519  031.35036612  30.09689081  031.35042952
112  30.09703298  031.35059294  30.09707779  031.35065456
111  30.09723207  031.35087197
111  30.09707497  031.35099030
111  30.09773710  031.35216524
111  30.09773704  031.35219794
111  30.09769347  031.35222687
111  30.09782790  031.35245191
111  30.09801704  031.35229653
111  30.09796512  031.35220115
111  30.09797625  031.35219472
111  30.09806138  031.35234956
112  30.09806524  031.35245226  30.09803666  031.35247369
111  30.09737102  031.35298237
112  30.09732287  031.35297008  30.09730677  031.35294114
111  30.09721113  031.35278035
111  30.09714996  031.35282810
111  30.09733850  031.35314584
111  30.09651733  031.35376408
111  30.09663425  031.35394232
111  30.09741667  031.35335921
112  30.09745393  031.35337600  30.09747182  031.35340873
111  30.09809607  031.35453595
111  30.09817673  031.35447808
111  30.09751770  031.35331978
112  30.09755385  031.35325548  30.09760763  031.35321905
111  30.09838247  031.35263122
111  30.09833794  031.35255840
112  30.09831573  031.35255167  30.09830581  031.35253721
113  30.09831703  031.35252176
112  30.09821123  031.35264303  30.09820900  031.35264561
112  30.09748732  031.35319692  30.09747552  031.35320622
112  30.09746050  031.35320064  30.09744923  031.35318638
111  30.09746264  031.35316653
112  30.09818347  031.35262337  30.09819957  031.35261146
114  30.09821438  031.35261816  30.09822404  031.35263453
112  30.09737354  031.35329395  30.09736120  031.35330263
112  30.09662298  031.35384929  30.09660689  031.35386118
112  30.09658766  031.35385653  30.09658051  031.35384206
111  30.09660107  031.35380537
112  30.09734226  031.35325534  30.09736265  031.35324045
114  30.09738519  031.35325286  30.09739484  031.35326836
111  30.09743815  031.35307678
112  30.09741163  031.35307703  30.09740624  031.35306956
111  30.09742095  031.35305225
111  30.09813635  031.35250379
112  30.09816585  031.35250740  30.09817033  031.35251722
113  30.09816004  031.35253376
111  30.09764559  031.35159543
111  30.09763553  031.35160620
111  30.09728952  031.35100102
113  30.09730248  031.35099120
111  30.09787407  031.35202116
111  30.09786634  031.35202786
111  30.09767569  031.35169843
113  30.09768732  031.35168758
130 Airport Boundary 1
111  30.08248192  031.35823325
111  30.08241723  031.35830535
111  30.08237795  031.35840948
111  30.08232712  031.35851362
111  30.08228206  031.35855501
111  30.08219657  031.35859506
111  30.08212495  031.35861242
111  30.08118690  031.35915369
111  30.08110724  031.35920098
111  30.08107248  031.35925352
111  30.08105108  031.35931301
111  30.08103252  031.35940977
111  30.08103917  031.36002689
111  30.08107036  031.36009530
111  30.08111195  031.36014469
111  30.08266672  031.36154484
111  30.08277984  031.36161213
111  30.08287633  031.36160828
111  30.08300442  031.36155830
111  30.08350657  031.36134351
111  30.08363234  031.36132506
111  30.08375212  031.36140349
111  30.08568378  031.36324332
111  30.08791856  031.36531120
111  30.08804333  031.36533812
111  30.08811153  031.36529198
111  30.08822796  031.36516405
111  30.08859331  031.36464431
111  30.08947966  031.36516203
111  30.08958027  031.36519802
111  30.08964016  031.36518141
111  30.08969766  031.36514542
111  30.09007376  031.36472736
111  30.09012940  031.36471154
111  30.09023646  031.36477881
111  30.09064182  031.36525236
111  30.09220389  031.36707458
111  30.09230594  031.36716359
111  30.09223802  031.36728052
111  30.09235335  031.36738859
111  30.09249478  031.36748029
111  30.09263622  031.36722114
111  30.09272935  031.36716134
111  30.09400225  031.36740852
111  30.09418853  031.36689023
111  30.09601327  031.36590917
111  30.09650835  031.36609606
111  30.09694468  031.36459589
111  30.09892964  031.36265756
111  30.10086699  031.36407959
111  30.10129335  031.36475900
111  30.10127680  031.36500302
111  30.09942680  031.36881202
111  30.09968391  031.36913701
111  30.10328937  031.36487302
111  30.10350462  031.36433713
111  30.10348392  031.36411225
111  30.10359998  031.36395889
111  30.10378281  031.36399079
111  30.10427265  031.36371567
111  30.10484064  031.36305534
111  30.10388913  031.36195881
111  30.10388338  031.36184916
111  30.10479605  031.36077815
111  30.10493499  031.36081138
111  30.10514094  031.36065303
111  30.10358395  031.35770349
111  30.10351358  031.35771784
111  30.10333434  031.35784384
111  30.10324570  031.35790199
111  30.10316186  031.35791584
111  30.10278097  031.35794353
111  30.10247913  031.35796845
111  30.10235456  031.35794630
111  30.10225395  031.35791861
111  30.10217969  031.35783831
111  30.10026786  031.35441962
111  30.10017544  031.35440092
111  30.10019508  031.35444098
111  30.10018814  031.35445701
111  30.10024129  031.35454514
111  30.09919604  031.35468041
111  30.09822984  031.35442891
111  30.09759911  031.35332072
111  30.09841660  031.35269278
111  30.09818184  031.35229407
111  30.09738646  031.35090662
111  30.09719242  031.35059652
111  30.09698401  031.35036117
111  30.09691693  031.35028918
111  30.09704390  031.35008429
111  30.09503453  031.34813771
111  30.09504362  031.34779176
111  30.09516540  031.34732107
111  30.09510351  031.34698882
111  30.09419700  031.34609745
111  30.09390427  031.34592035
111  30.09397243  031.34580151
111  30.09391814  031.34576546
111  30.09386384  031.34587228
111  30.09366051  031.34584290
111  30.09205151  031.34850998
111  30.09176701  031.34868395
111  30.09175264  031.34870610
111  30.09137654  031.34873655
111  30.09133103  031.34869502
111  30.09034828  031.34889268
111  30.09006081  031.34902188
111  30.08857374  031.35059738
111  30.08777363  031.35144733
111  30.08614336  031.35316964
111  30.08350208  031.35596941
113  30.08198639  031.35757963
120 Linear Feature 70
111  30.09477796  031.34995140 1
112  30.09491800  031.34987264  30.09492068  031.34987264 1
112  30.09504677  031.34992846  30.09511437  031.35000845 1
115  30.09549936  031.35046481
120 Linear Feature 69
111  30.09461267  031.35084759 1
111  30.09439109  031.35106834 1
112  30.09428168  031.35123658  30.09423533  031.35133516 1
116  30.09406752  031.35172415  30.09405083  031.35175522
120 Linear Feature 68
111  30.09390353  031.35194333 1
111  30.09406673  031.35172370 1
112  30.09432347  031.35152890  30.09440042  031.35147211 1
112  30.09459291  031.35127755  30.09464390  031.35122611 1
115  30.09478853  031.35105680
120 Linear Feature 67
111  30.09532446  031.35133901 1
111  30.09490833  031.35166423 1
116  30.09441571  031.35178516  30.09419654  031.35169183
120 Linear Feature 66
111  30.09686599  031.34993999 22
115  30.09680418  031.35001217
120 Linear Feature 65
111  30.09668693  031.35012421 22
111  30.09614441  031.35065356 22
112  30.09579313  031.35097369  30.09566977  031.35107923 22
115  30.09543747  031.35126996
120 Linear Feature 64
111  30.09811840  031.35238100 22
111  30.09735359  031.35101225 22
112  30.09708177  031.35059250  30.09700018  031.35048962 22
111  30.09693170  031.35041226 22
116  30.09679040  031.35023351  30.09676481  031.35017308
120 Linear Feature 63
111  30.09751430  031.35340209 22
111  30.09814310  031.35451287 20
112  30.09839948  031.35478479  30.09854550  031.35484284 20
112  30.09871709  031.35485248  30.09879371  031.35484951 22
111  30.09991028  031.35472828 22
112  30.10032515  031.35490318  30.10047164  031.35515930 22
111  30.10180237  031.35751914 20
112  30.10210165  031.35793838  30.10222069  031.35802582 20
112  30.10251073  031.35808386  30.10270988  031.35809929 22
111  30.10316605  031.35813399 20
112  30.10356888  031.35822541  30.10369682  031.35831672 20
112  30.10388484  031.35857007  30.10395160  031.35869224 22
115  30.10463529  031.35997422
120 Linear Feature 62
111  30.09662537  031.35390205 22
115  30.09737992  031.35333391
120 Linear Feature 61
111  30.09736140  031.35318096 22
115  30.09653346  031.35379976
120 Linear Feature 60
111  30.09835904  031.35259521 22
115  30.09750863  031.35324065
120 Linear Feature 59
111  30.09743637  031.35312504 22
115  30.09829062  031.35247926
120 Linear Feature 58
111  30.09823392  031.35238363 22
115  30.09738961  031.35302544
120 Linear Feature 57
112  30.08417105  031.35678132  30.08421711  031.35684490 24
112  30.08411567  031.35695657  30.08404500  031.35697089 24
114  30.08401203  031.35681353  30.08403664  031.35673564 24
120 Linear Feature 56
111  30.08245722  031.35816760 20
111  30.08357276  031.35708236 20
111  30.08379943  031.35686598 20
112  30.08386704  031.35680719  30.08388120  031.35680050 20
111  30.08390824  031.35679752 20
111  30.08390180  031.35688235 20
115  30.08380136  031.35687044
120 Linear Feature 55
111  30.08716433  031.35330397 22
115  30.08747140  031.35296760
120 Linear Feature 54
111  30.08746530  031.35229495 22
111  30.08681141  031.35296522 22
112  30.08685426  031.35320467  30.08697042  031.35334045 22
115  30.08719871  031.35360112
120 Linear Feature 53
111  30.08629469  031.35320940 22
115  30.08688050  031.35390826
120 Linear Feature 52
111  30.08609640  031.35532105 22
115  30.08577383  031.35566931
120 Linear Feature 51
111  30.09137258  031.34944220 22
112  30.09102588  031.34965778  30.09080159  031.34987380 22
111  30.08721689  031.35365212 22
115  30.08498516  031.35600795
120 Linear Feature 50
111  30.09170388  031.34871022 22
111  30.09177697  031.35051993 22
112  30.09188096  031.35070671  30.09197045  031.35079824 22
112  30.09169158  031.35112106  30.09145905  031.35112749 22
112  30.09151405  031.35069865  30.09159861  031.35062279 22
111  30.09157413  031.35030518 22
115  30.09152376  031.34872493
120 Linear Feature 49
111  30.09401971  031.34743508 1
111  30.09438960  031.34843456 1
112  30.09439331  031.34853743  30.09438682  031.34859423 1
115  30.09436219  031.34877283
120 Linear Feature 48
111  30.09333406  031.35278759 1
116  30.09356385  031.35343028  30.09407140  031.35360138
120 Linear Feature 47
111  30.09076639  031.35298874 1
112  30.09085148  031.35253633  30.09096042  031.35233450 1
112  30.09130167  031.35222340  30.09147790  031.35221600 1
111  30.09183037  031.35219933 1
116  30.09196461  031.35225462  30.09198831  031.35231508
120 Linear Feature 46
111  30.09153621  031.35206082 1
111  30.09122246  031.35193995 1
112  30.09088280  031.35213707  30.09073194  031.35242562 1
116  30.09076529  031.35302846  30.09086275  031.35325837
120 Linear Feature 45
111  30.09125664  031.35349091 1
112  30.09092880  031.35332673  30.09080642  031.35318314 1
112  30.09074447  031.35280659  30.09074848  031.35259520 1
112  30.09089139  031.35236955  30.09097149  031.35228777 1
112  30.09127990  031.35216741  30.09148283  031.35216124 1
111  30.09185261  031.35214467 1
116  30.09197945  031.35231312  30.09200615  031.35249057
120 Linear Feature 44
111  30.09163132  031.35469559 1
112  30.09166075  031.35416081  30.09152835  031.35381105 1
111  30.09125982  031.35355973 1
116  30.09116547  031.35349530  30.09113024  031.35348780
120 Linear Feature 43
111  30.09244726  031.35257160 1
112  30.09242379  031.35238341  30.09235150  031.35231881 1
111  30.09215614  031.35214664 1
116  30.09202147  031.35217579  30.09195280  031.35225020
120 Linear Feature 42
111  30.09259553  031.35235695 1
112  30.09260448  031.35217143  30.09256066  031.35211304 1
111  30.09232114  031.35188374 1
116  30.09218400  031.35191723  30.09212412  031.35199462
120 Linear Feature 41
111  30.09210199  031.35319092 1
111  30.09197911  031.35231283 1
112  30.09205699  031.35211224  30.09213709  031.35199779 1
111  30.09247024  031.35145636 1
112  30.09264781  031.35141470  30.09274527  031.35149957 1
111  30.09291883  031.35164770 1
116  30.09293485  031.35185755  30.09287343  031.35196094
120 Linear Feature 40
111  30.09423831  031.36322183 1
112  30.09403474  031.36301862  30.09387008  031.36296332 1
112  30.09352478  031.36287545  30.09332451  031.36283657 1
112  30.09301809  031.36283505  30.09287123  031.36285820 1
111  30.09231754  031.36297562 1
111  30.09192887  031.36306101 1
112  30.09182762  031.36309187  30.09179647  031.36310730 1
112  30.09156061  031.36320116  30.09143934  031.36322174 1
112  30.09107584  031.36323701  30.09081995  031.36323272 1
111  30.09024115  031.36322232 1
112  30.08993056  031.36319999  30.08980076  031.36317856 1
111  30.08698542  031.36267757 1
112  30.08685130  031.36262316  30.08678022  031.36256601 1
111  30.08598000  031.36193805 1
112  30.08592279  031.36186406  30.08592011  031.36182686 1
112  30.08593620  031.36171090  30.08594908  031.36165944 1
115  30.08634263  031.36023600
120 Linear Feature 39
111  30.09213900  031.36014522 1
111  30.09243606  031.36050012 1
112  30.09246610  031.36072001  30.09244496  031.36087560 1
111  30.09240935  031.36112892 1
111  30.09217061  031.36274835 1
112  30.09206046  031.36291680  30.09195699  031.36298495 1
112  30.09180032  031.36324069  30.09177251  031.36345321 1
111  30.09152195  031.36556907 1
112  30.09166301  031.36579535  30.09180749  031.36581231 1
115  30.09191720  031.36582749
120 Linear Feature 38
111  30.09363445  031.36192659 1
111  30.09418555  031.36255926 1
112  30.09425886  031.36304399  30.09421480  031.36342821 1
115  30.09386173  031.36628489
120 Linear Feature 37
111  30.09456664  031.36043205 1
115  30.09444478  031.36144913
120 Linear Feature 36
111  30.09495664  031.35710546 1
115  30.09469452  031.35929931
120 Linear Feature 35
111  30.09536115  031.35374769 1
115  30.09506793  031.35620445
120 Linear Feature 34
111  30.09076236  031.35676624 4
115  30.09076607  031.35646620
120 Linear Feature 33
111  30.09802111  031.35986381 1
111  30.09785645  031.35986767 1
112  30.09766064  031.35960791  30.09765842  031.35938415 1
111  30.09770088  031.35700313 1
112  30.09749799  031.35628887  30.09726435  031.35581564 1
111  30.09641871  031.35408403 1
112  30.09617081  031.35380408  30.09599836  031.35370506 1
112  30.09550408  031.35352293  30.09524374  031.35346892 1
112  30.09448169  031.35340617  30.09411641  031.35341913 1
111  30.09194010  031.35347381 1
111  30.08951943  031.35353371 1
112  30.08929113  031.35357383  30.08916430  031.35361086 1
111  30.08910155  031.35362938 1
112  30.08887325  031.35379448  30.08878247  031.35391637 1
115  30.08666759  031.35667798
120 Linear Feature 32
111  30.08677313  031.35966118 1
111  30.08712959  031.35966581 1
112  30.08728580  031.35956398  30.08737792  031.35945905 1
111  30.08870024  031.35797823 1
111  30.09208595  031.35418514 1
111  30.09331279  031.35280982 1
111  30.09379644  031.35225753 1
112  30.09390277  031.35193873  30.09390555  031.35173085 1
111  30.09391390  031.35159368 1
112  30.09388412  031.35118479  30.09389080  031.35109992 1
112  30.09403073  031.35077364  30.09418773  031.35055144 1
111  30.09443886  031.35019546 1
112  30.09457771  031.35007356  30.09468185  031.35000720 1
111  30.09477880  031.34995030 1
112  30.09486050  031.34982253  30.09487332  031.34972624 1
111  30.09499668  031.34885594 1
112  30.09487973  031.34865040  30.09475156  031.34862448 1
111  30.09458174  031.34859670 1
112  30.09436225  031.34877261  30.09434142  031.34895223 1
111  30.09422889  031.34976790 1
112  30.09413988  031.34999936  30.09406849  031.35012474 1
111  30.09388336  031.35044083 1
111  30.09339528  031.35121641 1
111  30.09319595  031.35151116 1
111  30.09287265  031.35194461 1
111  30.09216089  031.35299630 1
112  30.09210170  031.35319037  30.09211505  031.35327679 1
111  30.09219949  031.35386164 1
116  30.09211778  031.35414679  30.09203928  031.35424123
120 Linear Feature 31
111  30.08626614  031.36020355 4
115  30.08641139  031.36021069
120 Linear Feature 30
111  30.10093068  031.35834317 4
115  30.10067114  031.35834380
120 Linear Feature 29
111  30.09503117  031.35820382 4
115  30.09461596  031.35834887
120 Linear Feature 28
111  30.09779965  031.35895681 4
115  30.09753928  031.35895145
120 Linear Feature 27
111  30.08720629  031.35572380 4
115  30.08741323  031.35594110
120 Linear Feature 26
111  30.08875303  031.35446634 4
115  30.08835517  031.35407287
120 Linear Feature 25
111  30.09070895  031.35607207 4
115  30.09040841  031.35572024
120 Linear Feature 24
111  30.08829551  031.35877843 4
115  30.08800253  031.35842804
120 Linear Feature 23
111  30.08895947  031.35735578 4
115  30.08926124  031.35771132
120 Linear Feature 22
111  30.08826940  031.35644869 4
115  30.08827173  031.35674925
120 Linear Feature 21
111  30.08540058  031.35870447 4
115  30.08360174  031.35873110
120 Linear Feature 20
111  30.08552598  031.35818311 1
112  30.08514281  031.35843924  30.08485576  031.35853181 1
111  30.08423984  031.35872252 1
112  30.08377415  031.35914650  30.08366334  031.35945200 1
116  30.08384357  031.35959549  30.08392234  031.35964949
120 Linear Feature 19
111  30.10001408  031.35990466 1
111  30.10060186  031.35991070 1
112  30.10079654  031.35961054  30.10079932  031.35934263 1
111  30.10081350  031.35748046 1
112  30.10004342  031.35666543  30.09926134  031.35664410 1
111  30.09787998  031.35664932 1
111  30.09428637  031.35662688 1
111  30.08800348  031.35659563 1
111  30.08692521  031.35659031 1
112  30.08666770  031.35667795  30.08658092  031.35678905 1
111  30.08559505  031.35809537 1
111  30.08474431  031.35922311 1
116  30.08491921  031.35961964  30.08522761  031.35963507
120 Linear Feature 18
111  30.10085727  031.36085268 4
111  30.10097101  031.36086943 4
115  30.10107778  031.36084090
120 Linear Feature 17
111  30.10203818  031.36265072 22
111  30.10230323  031.36296887 22
112  30.10238532  031.36296453  30.10242395  031.36292980 22
111  30.10259029  031.36276860 22
111  30.10268841  031.36268197 20
116  30.10273554  031.36259178  30.10273708  031.36254176
120 Linear Feature 16
111  30.10294920  031.36258892 20
111  30.10277170  031.36258840 20
112  30.10273369  031.36269176  30.10269479  031.36272949 20
111  30.10251646  031.36289878 22
111  30.10241667  031.36298883 20
112  30.10227146  031.36299293  30.10219844  031.36290938 20
115  30.10191898  031.36258918
120 Linear Feature 15
112  30.10269393  031.36259560  30.10269439  031.36257653
111  30.10269393  031.36259560 20
111  30.10202639  031.36258221 20
112  30.10205399  031.36262264  30.10207411  031.36264745 20
111  30.10231749  031.36292901 20
112  30.10238509  031.36291412  30.10241997  031.36287691 20
113  30.10265765  031.36265613 20
120 Linear Feature 14
111  30.10127253  031.36170596 1
116  30.10114247  031.36184290  30.10113153  031.36196420
120 Linear Feature 12
111  30.10266176  031.36227524 1
116  30.10256339  031.36240806  30.10246488  031.36244527
120 Linear Feature 12
111  30.10240409  031.36227061 1
116  30.10230572  031.36240343  30.10220721  031.36244064
120 Linear Feature 12
111  30.10214553  031.36226418 1
116  30.10204716  031.36239700  30.10194865  031.36243421
120 Linear Feature 12
111  30.10189314  031.36226303 1
116  30.10179476  031.36239585  30.10169626  031.36243306
120 Linear Feature 12
111  30.10164214  031.36225685 1
116  30.10154377  031.36238968  30.10144526  031.36242689
120 Linear Feature 12
111  30.10138580  031.36225222 1
116  30.10128743  031.36238504  30.10118892  031.36242225
120 Linear Feature 11
111  30.10255585  031.36173274 1
116  30.10267657  031.36187228  30.10269401  031.36201389
120 Linear Feature 11
111  30.10229818  031.36172811 1
116  30.10241890  031.36186765  30.10243634  031.36200926
120 Linear Feature 11
111  30.10203962  031.36172168 1
116  30.10216034  031.36186122  30.10217778  031.36200283
120 Linear Feature 11
111  30.10178722  031.36172053 1
116  30.10190795  031.36186007  30.10192538  031.36200168
120 Linear Feature 11
111  30.10153623  031.36171436 1
116  30.10165695  031.36185390  30.10167439  031.36199550
120 Linear Feature 11
111  30.10127989  031.36170973 1
116  30.10140061  031.36184927  30.10141805  031.36199088
120 Linear Feature 10
111  30.10280773  031.36173774 1
112  30.10267638  031.36187245  30.10266866  031.36200492 1
112  30.10266180  031.36227522  30.10266073  031.36236700 1
115  30.10275462  031.36240980
120 Linear Feature 10
111  30.10255006  031.36173311 1
112  30.10241871  031.36186782  30.10241099  031.36200029 1
112  30.10240413  031.36227059  30.10240306  031.36236237 1
115  30.10249695  031.36240517
120 Linear Feature 10
111  30.10229150  031.36172668 1
112  30.10216015  031.36186139  30.10215243  031.36199386 1
112  30.10214557  031.36226415  30.10214450  031.36235594 1
115  30.10223839  031.36239873
120 Linear Feature 10
111  30.10203910  031.36172553 1
112  30.10190776  031.36186024  30.10190003  031.36199271 1
112  30.10189317  031.36226300  30.10189210  031.36235479 1
115  30.10198600  031.36239758
120 Linear Feature 10
111  30.10178811  031.36171936 1
112  30.10165676  031.36185406  30.10164904  031.36198653 1
112  30.10164218  031.36225683  30.10164111  031.36234862 1
115  30.10173500  031.36239141
120 Linear Feature 10
111  30.10153177  031.36171473 1
112  30.10140043  031.36184943  30.10139270  031.36198190 1
112  30.10138584  031.36225220  30.10138477  031.36234399 1
115  30.10147866  031.36238678
120 Linear Feature 9
111  30.10112852  031.36224618 1
116  30.10104137  031.36238014  30.10093753  031.36239836
120 Linear Feature 8
111  30.10123885  031.36238764 1
115  30.10066495  031.36236621
120 Linear Feature 7
111  30.10097956  031.36090617 1
112  30.10085294  031.36106618  30.10076978  031.36106370 1
111  30.09953174  031.36103327 1
112  30.09918862  031.36149005  30.09919797  031.36193911 1
111  30.09919720  031.36197316 1
112  30.09959772  031.36232870  30.09997101  031.36234352 1
115  30.10011807  031.36234613
120 Linear Feature 6
111  30.10303886  031.36161311 1
116  30.10290629  031.36173599  30.10282795  031.36177258
120 Linear Feature 5
111  30.10110968  031.36158841 1
112  30.10127440  031.36170315  30.10137849  031.36170253 1
111  30.10290530  031.36173633 1
116  30.10303554  031.36187817  30.10305485  031.36193957
120 Linear Feature 1
111  30.08451674  031.36012809 10
115  30.08456525  031.36018366
120 Linear Feature 1
111  30.08456611  031.36012660 10
115  30.08451307  031.36018690
120 Linear Feature 1
111  30.08469652  031.36013309 10
115  30.08474503  031.36018866
120 Linear Feature 1
111  30.08474589  031.36013160 10
115  30.08469285  031.36019190
120 Linear Feature 1
111  30.08487860  031.36013471 10
115  30.08492712  031.36019028
120 Linear Feature 3
111  30.08567771  031.36154036 10
115  30.08573800  031.36153916
120 Linear Feature 3
111  30.08561477  031.36161205 10
115  30.08567506  031.36161085
120 Linear Feature 3
111  30.08554827  031.36168800 10
115  30.08560856  031.36168681
120 Linear Feature 2
111  30.08570720  031.36150418 10
115  30.08570850  031.36157505
120 Linear Feature 2
111  30.08564426  031.36157586 10
115  30.08564556  031.36164674
120 Linear Feature 2
111  30.08557777  031.36165182 10
115  30.08557906  031.36172269
120 Linear Feature 1
111  30.08492798  031.36013321 10
115  30.08487494  031.36019352
120 Linear Feature 4
111  30.10007427  031.35993398 1
111  30.10061637  031.35994291 1
112  30.10084032  031.36019086  30.10089131  031.36046198 1
111  30.10110641  031.36156261 1
112  30.10114155  031.36187034  30.10114155  031.36195220 1
111  30.10112873  031.36224646 1
112  30.10123859  031.36238756  30.10132976  031.36239024 1
111  30.10288255  031.36240963 1
112  30.10302811  031.36223709  30.10303182  031.36209348 1
111  30.10304408  031.36134439 1
112  30.10284429  031.36110285  30.10264804  031.36110131 1
111  30.10114343  031.36107036 1
116  30.10098965  031.36095676  30.10095071  031.36084531
120 Linear Feature 76
112  30.09991926  031.36068166  30.09996563  031.36072009 24
112  30.09990663  031.36082935  30.09985464  031.36085655 24
114  30.09980228  031.36074287  30.09980790  031.36067723 24
15  30.09285399  031.35159063  38.19 Ramp 1 - 1
15  30.09252844  031.35208816  38.19 Ramp 1 - 2
15  30.09236900  031.35233633  38.19 Ramp 1 - 3
18  30.09276807  031.36171155 4 BCN
19  30.09987765  031.36074916 1 WS
19  30.08325342  031.35897272 1 WS
1054 118100 CAIRO TWR
1054 119550 CAIRO TWR
1054 132900 TWR
1055 119050 CAIRO APP
1055 119550 CAIRO APP
1055 120700 CAIRO APP
99
